	X	Y	Z
159	1.03	3.48	0.4
158	0.03	2.48	-0.6
157	1.03	7.48	-0.6
156	0.03	1.48	-1.6
155	2.03	-6.52	0.4
154	0.03	-3.52	-1.6
153	1.03	7.48	-2.6
152	0.03	3.48	-2.6
151	0.03	4.48	-1.6
150	1.03	2.48	2.4
149	0.03	-2.52	1.4
148	-0.97	2.48	0.4
147	0.03	-2.52	0.4
146	-0.97	5.48	-0.6
145	-1.97	-0.52	1.4
144	-1.97	-0.52	0.4
143	0.03	0.48	1.4
142	-2.97	-3.52	-1.6
141	1.03	2.48	-1.6
140	-1.97	-1.52	0.4
139	-1.97	3.48	-0.6
138	0.03	5.48	-0.6
137	-0.97	0.48	-0.6
136	0.03	5.48	-1.6
135	1.03	3.48	0.4
134	0.03	-5.52	-1.6
133	2.03	-2.52	0.4
132	1.03	-1.52	0.4
131	1.03	4.48	0.4
130	-5.97	-20.52	-4.6
129	13.03	0.48	0.4
128	-3.97	-1.52	-1.6
127	7.03	1.48	0.4
126	-3.97	-0.52	1.4
125	4.03	1.48	-0.6
124	-3.97	1.48	1.4
123	0.03	1.48	1.4
122	-0.97	-5.52	0.4
121	2.03	-7.52	0.4
120	0.03	4.48	-0.6
119	0.03	7.48	0.4
118	11.03	1.48	0.4
117	-2.97	3.48	1.4
116	14.03	-5.52	3.4
115	-2.97	-3.52	0.4
114	18.03	-7.52	1.4
113	-8.97	8.48	-1.6
112	23.03	-3.52	3.4
111	-12.97	-3.52	-2.6
110	30.03	-0.52	2.4
109	-13.97	-1.52	-0.6
108	31.03	-4.52	5.4
107	-7.97	10.48	-1.6
106	33.03	2.48	5.4
105	-10.97	-1.52	-1.6
104	19.03	3.48	6.4
103	-8.97	8.48	-1.6
102	9.03	-10.52	-0.6
101	-7.97	4.48	-0.6
100	5.03	4.48	0.4
99	-0.97	4.48	-1.6
98	2.03	3.48	-3.6
97	-0.97	1.48	-0.6
96	-0.97	5.48	-1.6
95	6.03	-2.52	1.4
94	-4.97	1.48	-1.6
93	9.03	-10.52	0.4
92	-13.97	5.48	-2.6
91	11.03	-1.52	2.4
90	-16.97	1.48	-2.6
89	15.03	2.48	2.4
88	-16.97	7.48	-4.6
87	17.03	-5.52	1.4
86	-17.97	0.48	-2.6
85	19.03	-1.52	5.4
84	-16.97	0.48	-2.6
83	17.03	0.48	1.4
82	-15.97	0.48	-4.6
81	17.03	-12.52	1.4
80	-11.97	7.48	-4.6
79	11.03	2.48	-1.6
78	-10.97	2.48	-2.6
77	9.03	0.48	2.4
76	-6.97	-4.52	-2.6
75	7.03	2.48	-0.6
74	-2.97	5.48	-1.6
73	3.03	-5.52	-0.6
72	0.03	0.48	-1.6
71	-0.97	5.48	-0.6
70	4.03	5.48	0.4
69	-6.97	3.48	-0.6
68	8.03	3.48	1.4
67	-11.97	2.48	-1.6
66	14.03	-5.52	1.4
65	-13.97	6.48	-4.6
64	14.03	-9.52	4.4
63	-16.97	6.48	-4.6
62	16.03	-1.52	3.4
61	-17.97	-0.52	-1.6
60	18.03	-8.52	3.4
59	-14.97	7.48	-1.6
58	17.03	-3.52	2.4
57	-14.97	-1.52	-1.6
56	17.03	-0.52	2.4
55	-13.97	-1.52	-0.6
54	10.03	3.48	3.4
53	-8.97	3.48	-1.6
52	11.03	-8.52	1.4
51	-10.97	3.48	2.4
50	7.03	-0.52	0.4
49	-1.97	2.48	-0.6
48	3.03	-7.52	2.4
47	4.03	-3.52	2.4
46	-0.97	-7.52	3.4
45	4.03	-4.52	2.4
44	-7.97	-7.52	-0.6
43	10.03	2.48	3.4
42	-11.97	6.48	-1.6
41	14.03	4.48	1.4
40	-12.97	5.48	-3.6
39	15.03	-2.52	2.4
38	-16.97	2.48	-3.6
37	16.03	-7.52	0.4
36	-19.97	6.48	-3.6
35	17.03	-3.52	3.4
34	-17.97	6.48	-2.6
33	20.03	-5.52	3.4
32	-12.97	2.48	-0.6
31	16.03	1.48	2.4
30	-14.97	7.48	-0.6
29	9.03	1.48	3.4
28	-9.97	10.48	-2.6
27	6.03	1.48	3.4
26	-5.97	-7.52	-1.6
25	7.03	-8.52	1.4
24	-2.97	3.48	0.4
23	0.03	0.48	1.4
22	-0.97	2.48	0.4
21	-2.97	-0.52	2.4
20	8.03	-4.52	-1.6
19	-4.97	0.48	-0.6
18	10.03	-2.52	2.4
17	-11.97	5.48	-3.6
16	12.03	2.48	4.4
15	-15.97	7.48	-1.6
14	15.03	2.48	5.4
13	-16.97	-6.52	-1.6
12	16.03	3.48	2.4
11	-19.97	0.48	-3.6
10	18.03	-6.52	4.4
9	-17.97	0.48	-2.6
8	17.03	-7.52	3.4
7	-14.97	8.48	-3.6
6	14.03	-4.52	2.4
5	-11.97	3.48	-2.6
4	9.03	1.48	3.4
3	-12.97	3.48	-0.6
2	8.03	-7.52	2.4
1	-4.97	7.48	-0.6
0	6.03	-0.52	0.4
