	X	Y	Z
24	-127.84	86.39	-233.01
23	127.16	-89.61	234.99
22	121.16	-92.61	232.99
21	-116.84	83.39	-221.01
20	109.16	-86.61	212.99
19	-99.84	83.39	-198.01
18	91.16	-72.61	178.99
17	-79.84	65.39	-160.01
16	63.16	-54.61	136.99
15	-54.84	51.39	-117.01
14	41.16	-40.61	91.99
13	-30.84	35.39	-74.01
12	18.16	-19.61	47.99
11	-4.84	15.39	-27.01
10	-10.84	-3.61	-0.01
9	26.16	-0.61	25.99
8	-38.84	9.39	-52.01
7	59.16	-26.61	86.99
6	-72.84	35.39	-116.01
5	90.16	-47.61	141.99
4	-98.84	54.39	-167.01
3	109.16	-60.61	186.99
2	-116.84	72.39	-210.01
1	125.16	-82.61	222.99
0	-127.84	77.39	-227.01
