	X	Y	Z
159	-39.23	54.29	47.5
158	46.77	-64.71	-52.5
157	33.77	-51.71	-36.5
156	-23.23	25.29	28.5
155	16.77	-24.71	-21.5
154	-11.23	37.29	17.5
153	0.77	-9.71	-6.5
152	4.77	12.29	1.5
151	-15.23	12.29	12.5
150	23.77	-13.71	-14.5
149	-32.23	24.29	30.5
148	38.77	-26.71	-34.5
147	-48.23	29.29	47.5
146	59.77	-52.71	-53.5
145	-62.23	51.29	63.5
144	67.77	-58.71	-65.5
143	-72.23	67.29	72.5
142	72.77	-84.71	-72.5
141	-73.23	95.29	76.5
140	71.77	-90.71	-78.5
139	-70.23	106.29	75.5
138	65.77	-82.71	-69.5
137	-62.23	93.29	71.5
136	59.77	-72.71	-66.5
135	-52.23	80.29	59.5
134	44.77	-60.71	-50.5
133	-37.23	60.29	44.5
132	29.77	-44.71	-36.5
131	-23.23	47.29	29.5
130	18.77	-27.71	-21.5
129	-13.23	11.29	14.5
128	0.77	-11.71	-5.5
127	6.77	4.29	0.5
126	-13.23	5.29	11.5
125	25.77	-5.71	-18.5
124	-36.23	22.29	31.5
123	43.77	-33.71	-36.5
122	-53.23	50.29	48.5
121	58.77	-56.71	-52.5
120	-67.23	57.29	63.5
119	69.77	-74.71	-68.5
118	-73.23	85.29	77.5
117	74.77	-84.71	-74.5
116	-74.23	79.29	76.5
115	74.77	-84.71	-77.5
114	-71.23	95.29	75.5
113	63.77	-75.71	-72.5
112	-61.23	84.29	67.5
111	54.77	-72.71	-65.5
110	-48.23	67.29	58.5
109	43.77	-67.71	-48.5
108	-35.23	41.29	44.5
107	26.77	-63.71	-34.5
106	-18.23	37.29	30.5
105	15.77	-28.71	-20.5
104	-5.23	25.29	13.5
103	-3.23	-27.71	-6.5
102	8.77	2.29	-2.5
101	-19.23	-9.71	11.5
100	24.77	-12.71	-20.5
99	-38.23	29.29	34.5
98	43.77	-35.71	-38.5
97	-55.23	56.29	49.5
96	58.77	-53.71	-58.5
95	-68.23	71.29	65.5
94	69.77	-65.71	-69.5
93	-73.23	73.29	76.5
92	71.77	-82.71	-74.5
91	-75.23	95.29	77.5
90	72.77	-51.71	-77.5
89	-72.23	86.29	77.5
88	64.77	-81.71	-69.5
87	-60.23	89.29	65.5
86	56.77	-66.71	-63.5
85	-51.23	80.29	55.5
84	40.77	-54.71	-48.5
83	-38.23	40.29	41.5
82	27.77	-45.71	-32.5
81	-20.23	39.29	26.5
80	14.77	-31.71	-18.5
79	-7.23	21.29	13.5
78	-1.23	-2.71	-3.5
77	9.77	7.29	-0.5
76	-20.23	16.29	12.5
75	27.77	-11.71	-23.5
74	-39.23	19.29	31.5
73	44.77	-39.71	-39.5
72	-51.23	30.29	49.5
71	59.77	-58.71	-57.5
70	-66.23	71.29	65.5
69	68.77	-72.71	-70.5
68	-74.23	97.29	74.5
67	72.77	-83.71	-76.5
66	-76.23	94.29	74.5
65	70.77	-84.71	-74.5
64	-68.23	89.29	76.5
63	65.77	-85.71	-70.5
62	-60.23	80.29	66.5
61	53.77	-73.71	-62.5
60	-48.23	64.29	55.5
59	40.77	-59.71	-46.5
58	-35.23	62.29	40.5
57	27.77	-47.71	-33.5
56	-21.23	38.29	24.5
55	13.77	-44.71	-21.5
54	-4.23	21.29	12.5
53	-5.23	-4.71	-5.5
52	11.77	7.29	-4.5
51	-18.23	22.29	15.5
50	27.77	-17.71	-22.5
49	-40.23	16.29	34.5
48	44.77	-41.71	-44.5
47	-55.23	54.29	49.5
46	59.77	-63.71	-55.5
45	-67.23	78.29	66.5
44	67.77	-83.71	-69.5
43	-75.23	77.29	76.5
42	72.77	-87.71	-75.5
41	-75.23	80.29	75.5
40	72.77	-86.71	-76.5
39	-69.23	98.29	73.5
38	61.77	-77.71	-67.5
37	-59.23	84.29	66.5
36	53.77	-69.71	-60.5
35	-47.23	62.29	54.5
34	37.77	-16.71	-46.5
33	-32.23	61.29	40.5
32	26.77	-39.71	-34.5
31	-22.23	42.29	26.5
30	10.77	-17.71	-17.5
29	-5.23	26.29	10.5
28	-5.23	-5.71	-2.5
27	9.77	9.29	-8.5
26	-22.23	21.29	18.5
25	30.77	-19.71	-24.5
24	-43.23	16.29	38.5
23	48.77	-41.71	-43.5
22	-57.23	43.29	51.5
21	58.77	-55.71	-61.5
20	-68.23	60.29	67.5
19	68.77	-77.71	-69.5
18	-74.23	66.29	76.5
17	72.77	-83.71	-74.5
16	-74.23	83.29	79.5
15	70.77	-85.71	-75.5
14	-70.23	73.29	72.5
13	61.77	-83.71	-69.5
12	-60.23	88.29	69.5
11	49.77	-67.71	-57.5
10	-46.23	74.29	53.5
9	37.77	-50.71	-45.5
8	-30.23	35.29	39.5
7	19.77	-44.71	-32.5
6	-19.23	9.29	22.5
5	8.77	-24.71	-14.5
4	-7.23	20.29	10.5
3	-8.23	-1.71	-1.5
2	13.77	6.29	-7.5
1	-23.23	-1.71	15.5
0	31.77	-21.71	-26.5
