	X	Y	Z
159	85.48	-2.41	114.7
158	-87.52	6.59	-117.3
157	-82.52	-1.41	-111.3
156	76.48	-0.41	108.7
155	-71.52	0.59	-103.3
154	65.48	-6.41	93.7
153	-57.52	6.59	-84.3
152	49.48	-7.41	75.7
151	-38.52	-3.41	-64.3
150	30.48	-5.41	52.7
149	-27.52	5.59	-44.3
148	16.48	-0.41	29.7
147	-5.52	-1.41	-22.3
146	-1.52	-4.41	5.7
145	9.48	-4.41	6.7
144	-21.52	-4.41	-19.3
143	29.48	-10.41	32.7
142	-44.52	4.59	-47.3
141	52.48	-2.41	63.7
140	-64.52	0.59	-75.3
139	70.48	-7.41	85.7
138	-78.52	3.59	-101.3
137	77.48	-6.41	104.7
136	-82.52	5.59	-112.3
135	86.48	-6.41	113.7
134	-85.52	-0.41	-121.3
133	84.48	-5.41	117.7
132	-81.52	8.59	-112.3
131	77.48	-0.41	110.7
130	-72.52	2.59	-100.3
129	61.48	-11.41	92.7
128	-57.52	0.59	-85.3
127	49.48	3.59	73.7
126	-41.52	-2.41	-64.3
125	31.48	-0.41	49.7
124	-25.52	-7.41	-42.3
123	18.48	-4.41	27.7
122	-4.52	5.59	-17.3
121	-4.52	5.59	5.7
120	13.48	-4.41	8.7
119	-20.52	5.59	-18.3
118	34.48	-10.41	35.7
117	-45.52	5.59	-49.3
116	53.48	1.59	63.7
115	-61.52	2.59	-75.3
114	68.48	3.59	90.7
113	-79.52	-2.41	-97.3
112	84.48	4.59	108.7
111	-85.52	4.59	-112.3
110	87.48	-2.41	115.7
109	-85.52	0.59	-116.3
108	84.48	-4.41	115.7
107	-81.52	3.59	-113.3
106	74.48	-2.41	107.7
105	-70.52	5.59	-100.3
104	62.48	0.59	92.7
103	-56.52	3.59	-86.3
102	46.48	-3.41	70.7
101	-41.52	1.59	-63.3
100	31.48	-0.41	48.7
99	-24.52	3.59	-37.3
98	17.48	2.59	27.7
97	-4.52	3.59	-19.3
96	-4.52	-1.41	4.7
95	14.48	4.59	7.7
94	-23.52	-2.41	-22.3
93	31.48	-4.41	36.7
92	-44.52	-7.41	-49.3
91	54.48	5.59	65.7
90	-59.52	2.59	-78.3
89	70.48	-1.41	92.7
88	-74.52	6.59	-96.3
87	81.48	-8.41	107.7
86	-86.52	0.59	-113.3
85	87.48	-2.41	115.7
84	-86.52	6.59	-120.3
83	85.48	3.59	115.7
82	-81.52	6.59	-114.3
81	74.48	-0.41	105.7
80	-69.52	0.59	-102.3
79	63.48	-10.41	91.7
78	-56.52	-6.41	-85.3
77	47.48	-1.41	74.7
76	-40.52	3.59	-63.3
75	29.48	-1.41	51.7
74	-24.52	-3.41	-39.3
73	12.48	1.59	25.7
72	-5.52	-6.41	-16.3
71	-5.52	4.59	5.7
70	12.48	-9.41	8.7
69	-26.52	3.59	-22.3
68	36.48	-9.41	40.7
67	-47.52	6.59	-50.3
66	55.48	-6.41	65.7
65	-63.52	-1.41	-81.3
64	69.48	2.59	87.7
63	-77.52	-2.41	-99.3
62	82.48	-1.41	106.7
61	-85.52	6.59	-113.3
60	86.48	-0.41	116.7
59	-85.52	3.59	-117.3
58	82.48	-1.41	117.7
57	-79.52	-4.41	-115.3
56	74.48	3.59	103.7
55	-70.52	4.59	-102.3
54	62.48	-2.41	94.7
53	-55.52	5.59	-83.3
52	47.48	-4.41	70.7
51	-36.52	4.59	-62.3
50	29.48	4.59	47.7
49	-21.52	-6.41	-38.3
48	14.48	0.59	26.7
47	-2.52	3.59	-16.3
46	-6.52	6.59	2.7
45	14.48	1.59	11.7
44	-24.52	-2.41	-21.3
43	37.48	5.59	38.7
42	-48.52	0.59	-51.3
41	57.48	0.59	66.7
40	-65.52	-2.41	-82.3
39	71.48	-1.41	91.7
38	-76.52	-7.41	-100.3
37	81.48	-2.41	106.7
36	-87.52	-1.41	-114.3
35	85.48	-3.41	116.7
34	-85.52	-2.41	-116.3
33	85.48	2.59	115.7
32	-79.52	6.59	-112.3
31	74.48	-9.41	109.7
30	-68.52	-0.41	-100.3
29	62.48	-5.41	91.7
28	-52.52	2.59	-82.3
27	46.48	1.59	70.7
26	-39.52	3.59	-60.3
25	30.48	4.59	48.7
24	-21.52	-3.41	-37.3
23	14.48	-5.41	26.7
22	-5.52	5.59	-16.3
21	-3.52	-0.41	-0.3
20	11.48	-8.41	10.7
19	-24.52	1.59	-21.3
18	34.48	3.59	36.7
17	-49.52	-3.41	-50.3
16	58.48	-9.41	66.7
15	-64.52	-3.41	-81.3
14	73.48	0.59	89.7
13	-76.52	0.59	-100.3
12	85.48	-4.41	106.7
11	-82.52	5.59	-115.3
10	86.48	4.59	116.7
9	-85.52	-1.41	-117.3
8	83.48	6.59	117.7
7	-76.52	-4.41	-112.3
6	74.48	2.59	104.7
5	-68.52	-5.41	-97.3
4	62.48	4.59	91.7
3	-53.52	2.59	-78.3
2	45.48	0.59	70.7
1	-36.52	-4.41	-60.3
0	29.48	-3.41	47.7
