	X	Y	Z
159	-60.58	38.63	-44.19
158	44.42	-24.37	30.81
157	70.42	-64.37	55.81
156	-84.58	71.63	-69.19
155	92.42	-93.37	74.81
154	-102.58	72.63	-85.19
153	106.42	-112.37	89.81
152	-113.58	109.63	-97.19
151	109.42	-122.37	94.81
150	-111.58	123.63	-96.19
149	106.42	-114.37	95.81
148	-106.58	125.63	-94.19
147	94.42	-115.37	86.81
146	-90.58	114.63	-82.19
145	75.42	-97.37	76.81
144	-71.58	85.63	-67.19
143	62.42	-83.37	59.81
142	-46.58	62.63	-49.19
141	34.42	-51.37	39.81
140	-26.58	41.63	-29.19
139	16.42	-29.37	21.81
138	-4.58	22.63	-9.19
137	-8.58	-11.37	-1.19
136	21.42	-1.37	9.81
135	-37.58	18.63	-24.19
134	48.42	-27.37	39.81
133	-65.58	23.63	-48.19
132	74.42	-64.37	60.81
131	-87.58	73.63	-70.19
130	95.42	-84.37	78.81
129	-104.58	72.63	-86.19
128	107.42	-116.37	87.81
127	-114.58	117.63	-92.19
126	110.42	-113.37	97.81
125	-111.58	118.63	-97.19
124	102.42	-118.37	94.81
123	-102.58	117.63	-93.19
122	94.42	-110.37	89.81
121	-85.58	108.63	-80.19
120	74.42	-89.37	72.81
119	-68.58	90.63	-65.19
118	55.42	-76.37	52.81
117	-45.58	67.63	-46.19
116	31.42	-58.37	37.81
115	-24.58	45.63	-28.19
114	12.42	-24.37	20.81
113	-0.58	21.63	-5.19
112	-12.58	-9.37	-3.19
111	22.42	-13.37	14.81
110	-37.58	27.63	-27.19
109	52.42	-40.37	37.81
108	-69.58	52.63	-52.19
107	78.42	-58.37	61.81
106	-88.58	79.63	-71.19
105	96.42	-92.37	80.81
104	-104.58	108.63	-87.19
103	107.42	-114.37	91.81
102	-109.58	116.63	-99.19
101	109.42	-119.37	94.81
100	-111.58	127.63	-96.19
99	104.42	-124.37	93.81
98	-99.58	118.63	-92.19
97	92.42	-101.37	83.81
96	-85.58	103.63	-80.19
95	73.42	-99.37	70.81
94	-65.58	78.63	-61.19
93	52.42	-70.37	53.81
92	-43.58	57.63	-44.19
91	31.42	-43.37	35.81
90	-20.58	42.63	-25.19
89	10.42	-31.37	17.81
88	3.42	19.63	-3.19
87	-16.58	1.63	-7.19
86	25.42	-9.37	15.81
85	-44.58	29.63	-29.19
84	58.42	-34.37	41.81
83	-71.58	55.63	-53.19
82	80.42	-74.37	66.81
81	-91.58	87.63	-76.19
80	99.42	-87.37	82.81
79	-107.58	78.63	-86.19
78	105.42	-111.37	92.81
77	-113.58	91.63	-98.19
76	112.42	-114.37	97.81
75	-114.58	96.63	-95.19
74	101.42	-119.37	93.81
73	-99.58	119.63	-85.19
72	86.42	-102.37	83.81
71	-82.58	101.63	-76.19
70	68.42	-87.37	67.81
69	-64.58	85.63	-59.19
68	49.42	-66.37	48.81
67	-37.58	54.63	-40.19
66	29.42	-51.37	31.81
65	-19.58	39.63	-23.19
64	6.42	-31.37	14.81
63	3.42	18.63	-1.19
62	-19.58	1.63	-8.19
61	30.42	-17.37	17.81
60	-46.58	2.63	-30.19
59	60.42	-39.37	44.81
58	-77.58	55.63	-57.19
57	83.42	-74.37	65.81
56	-95.58	80.63	-75.19
55	102.42	-97.37	82.81
54	-110.58	111.63	-93.19
53	107.42	-110.37	91.81
52	-114.58	123.63	-97.19
51	109.42	-113.37	94.81
50	-110.58	126.63	-96.19
49	101.42	-119.37	91.81
48	-96.58	110.63	-89.19
47	87.42	-101.37	83.81
46	-80.58	103.63	-73.19
45	68.42	-95.37	66.81
44	-56.58	84.63	-55.19
43	49.42	-73.37	48.81
42	-38.58	57.63	-39.19
41	25.42	-40.37	31.81
40	-16.58	37.63	-23.19
39	4.42	-17.37	10.81
38	6.42	14.63	2.81
37	-23.58	10.63	-10.19
36	34.42	-17.37	24.81
35	-54.58	27.63	-36.19
34	61.42	-47.37	48.81
33	-78.58	57.63	-58.19
32	84.42	-76.37	70.81
31	-97.58	90.63	-76.19
30	103.42	-102.37	86.81
29	-110.58	83.63	-90.19
28	109.42	-120.37	95.81
27	-111.58	124.63	-96.19
26	109.42	-115.37	98.81
25	-108.58	117.63	-95.19
24	100.42	-108.37	91.81
23	-96.58	109.63	-88.19
22	86.42	-111.37	80.81
21	-79.58	100.63	-74.19
20	64.42	-79.37	66.81
19	-57.58	75.63	-54.19
18	43.42	-59.37	43.81
17	-33.58	54.63	-34.19
16	26.42	-34.37	26.81
15	-15.58	33.63	-18.19
14	3.42	-23.37	7.81
13	10.42	5.63	3.81
12	-25.58	8.63	-13.19
11	39.42	-22.37	28.81
10	-54.58	31.63	-43.19
9	66.42	-58.37	51.81
8	-80.58	74.63	-60.19
7	89.42	-82.37	70.81
6	-100.58	83.63	-82.19
5	100.42	-109.37	88.81
4	-109.58	104.63	-93.19
3	108.42	-109.37	94.81
2	-112.58	122.63	-101.19
1	109.42	-122.37	96.81
0	-108.58	114.63	-95.19
