	X	Y	Z
24	-5.45	13.65	-33.81
23	21.55	-11.35	53.19
22	-10.45	-6.35	3.19
21	25.55	2.65	19.19
20	-39.45	7.65	-47.81
19	57.55	-20.35	81.19
18	-74.45	21.65	-109.81
17	88.55	-30.35	140.19
16	-102.45	59.65	-162.81
15	111.55	-48.35	188.19
14	-121.45	52.65	-206.81
13	131.55	-54.35	221.19
12	-133.45	59.65	-230.81
11	136.55	-62.35	243.19
10	-133.45	64.65	-241.81
9	130.55	-65.35	237.19
8	-126.45	61.65	-225.81
7	118.55	-56.35	220.19
6	-110.45	50.65	-203.81
5	95.55	-50.35	185.19
4	-84.45	50.65	-168.81
3	70.55	-39.35	142.19
2	-60.45	40.65	-123.81
1	44.55	-30.35	99.19
0	-32.45	28.65	-78.81
