	X	Y	Z
159	-19.03	-97.7	26.1
158	16.97	84.3	-32.9
157	17.97	68.3	-32.9
156	-18.03	-62.7	28.1
155	14.97	71.3	-31.9
154	-17.03	-86.7	22.1
153	10.97	70.3	-26.9
152	-14.03	-80.7	18.1
151	7.97	27.3	-21.9
150	-9.03	-52.7	11.1
149	3.97	44.3	-14.9
148	-4.03	-39.7	5.1
147	3.97	27.3	-6.9
146	-0.03	-39.7	0.1
145	-5.03	-4.7	-1.9
144	1.97	-16.7	-9.9
143	-7.03	-16.7	6.1
142	8.97	34.3	-16.9
141	-11.03	-45.7	15.1
140	11.97	44.3	-20.9
139	-17.03	-67.7	18.1
138	15.97	66.3	-28.9
137	-20.03	-84.7	25.1
136	14.97	68.3	-29.9
135	-22.03	-97.7	28.1
134	16.97	70.3	-33.9
133	-23.03	-96.7	28.1
132	15.97	77.3	-33.9
131	-21.03	-96.7	27.1
130	14.97	83.3	-28.9
129	-19.03	-84.7	22.1
128	9.97	76.3	-24.9
127	-12.03	-72.7	15.1
126	5.97	35.3	-19.9
125	-11.03	-11.7	10.1
124	2.97	27.3	-13.9
123	-10.03	-51.7	4.1
122	-1.03	17.3	-4.9
121	-4.03	-36.7	-0.9
120	-2.03	-3.7	-0.9
119	1.97	-14.7	-6.9
118	-13.03	-22.7	10.1
117	6.97	27.3	-16.9
116	-11.03	-54.7	15.1
115	11.97	52.3	-19.9
114	-19.03	-69.7	18.1
113	13.97	49.3	-27.9
112	-21.03	-91.7	26.1
111	15.97	56.3	-34.9
110	-20.03	-97.7	27.1
109	15.97	72.3	-34.9
108	-21.03	-98.7	27.1
107	17.97	68.3	-37.9
106	-20.03	-106.7	27.1
105	14.97	72.3	-29.9
104	-15.03	-88.7	23.1
103	11.97	64.3	-25.9
102	-12.03	-62.7	17.1
101	9.97	42.3	-17.9
100	-9.03	-56.7	9.1
99	4.97	39.3	-13.9
98	-8.03	-55.7	7.1
97	-0.03	11.3	-7.9
96	-1.03	-41.7	-0.9
95	-3.03	-3.7	2.1
94	2.97	-9.7	-6.9
93	-9.03	-22.7	7.1
92	6.97	23.3	-17.9
91	-12.03	-15.7	17.1
90	11.97	58.3	-24.9
89	-15.03	-68.7	19.1
88	16.97	45.3	-28.9
87	-19.03	-89.7	24.1
86	19.97	62.3	-33.9
85	-22.03	-95.7	27.1
84	17.97	81.3	-36.9
83	-22.03	-103.7	28.1
82	16.97	88.3	-32.9
81	-17.03	-96.7	26.1
80	17.97	70.3	-31.9
79	-18.03	-88.7	21.1
78	9.97	61.3	-25.9
77	-16.03	-70.7	18.1
76	7.97	50.3	-21.9
75	-11.03	-56.7	8.1
74	2.97	1.3	-12.9
73	-7.03	-34.7	3.1
72	-0.03	15.3	-6.9
71	-2.03	-37.7	-2.9
70	-5.03	-4.7	0.1
69	3.97	-6.7	-10.9
68	-9.03	-34.7	6.1
67	9.97	24.3	-16.9
66	-15.03	-57.7	16.1
65	13.97	28.3	-25.9
64	-16.03	-78.7	21.1
63	15.97	51.3	-30.9
62	-22.03	-91.7	24.1
61	16.97	73.3	-32.9
60	-20.03	-98.7	27.1
59	16.97	100.3	-38.9
58	-20.03	-101.7	32.1
57	15.97	91.3	-33.9
56	-16.03	-91.7	26.1
55	14.97	80.3	-30.9
54	-14.03	-90.7	23.1
53	10.97	63.3	-23.9
52	-11.03	-69.7	14.1
51	5.97	48.3	-19.9
50	-8.03	-55.7	12.1
49	5.97	26.3	-12.9
48	-5.03	-57.7	6.1
47	-0.03	48.3	-7.9
46	-0.03	-37.7	-3.9
45	-5.03	-9.7	-0.9
44	5.97	-15.7	-10.9
43	-9.03	-26.7	9.1
42	7.97	25.3	-14.9
41	-16.03	-50.7	16.1
40	9.97	42.3	-23.9
39	-17.03	-79.7	23.1
38	15.97	60.3	-31.9
37	-21.03	-98.7	27.1
36	17.97	77.3	-34.9
35	-20.03	-96.7	26.1
34	18.97	71.3	-33.9
33	-23.03	-97.7	26.1
32	16.97	69.3	-33.9
31	-18.03	-61.7	28.1
30	12.97	58.3	-27.9
29	-16.03	-79.7	20.1
28	10.97	44.3	-25.9
27	-12.03	-71.7	15.1
26	5.97	52.3	-16.9
25	-9.03	-52.7	8.1
24	3.97	26.3	-9.9
23	-3.03	-38.7	5.1
22	1.97	11.3	-6.9
21	-2.03	-15.7	-4.9
20	-5.03	-6.7	-1.9
19	3.97	-17.7	-10.9
18	-10.03	-37.7	11.1
17	8.97	26.3	-15.9
16	-14.03	-50.7	15.1
15	11.97	50.3	-23.9
14	-21.03	-78.7	22.1
13	14.97	51.3	-29.9
12	-19.03	-62.7	25.1
11	19.97	84.3	-33.9
10	-24.03	-105.7	31.1
9	17.97	71.3	-32.9
8	-21.03	-95.7	26.1
7	18.97	86.3	-31.9
6	-17.03	-92.7	26.1
5	14.97	58.3	-27.9
4	-14.03	-80.7	22.1
3	12.97	60.3	-21.9
2	-13.03	-71.7	20.1
1	8.97	35.3	-20.9
0	-6.03	-72.7	7.1
