	X	Y	Z
159	-69.71	25.71	-102.72
158	53.29	-19.29	76.28
157	83.29	-37.29	124.28
156	-93.71	42.71	-146.72
155	106.29	-44.29	167.28
154	-111.71	55.71	-180.72
153	119.29	-59.29	193.28
152	-122.71	61.71	-205.72
151	123.29	-66.29	207.28
150	-122.71	59.71	-209.72
149	116.29	-61.29	207.28
148	-110.71	64.71	-199.72
147	104.29	-54.29	186.28
146	-95.71	56.71	-173.72
145	82.29	-48.29	161.28
144	-74.71	44.71	-139.72
143	63.29	-40.29	122.28
142	-49.71	38.71	-99.72
141	40.29	-32.29	80.28
140	-26.71	27.71	-60.72
139	13.29	-18.29	41.28
138	-3.71	17.71	-18.72
137	-11.71	1.71	-3.72
136	24.29	4.71	24.28
135	-41.71	14.71	-49.72
134	57.29	-16.29	77.28
133	-70.71	25.71	-105.72
132	83.29	-33.29	129.28
131	-95.71	43.71	-151.72
130	104.29	-46.29	167.28
129	-115.71	58.71	-186.72
128	121.29	-64.29	197.28
127	-120.71	62.71	-207.72
126	122.29	-62.29	209.28
125	-122.71	65.71	-207.72
124	115.29	-70.29	206.28
123	-112.71	66.71	-193.72
122	102.29	-65.29	183.28
121	-96.71	60.71	-171.72
120	82.29	-55.29	156.28
119	-73.71	44.71	-136.72
118	60.29	-41.29	118.28
117	-48.71	35.71	-96.72
116	36.29	-32.29	75.28
115	-27.71	14.71	-55.72
114	13.29	-18.29	40.28
113	-0.71	7.71	-16.72
112	-12.71	-0.29	-8.72
111	28.29	-6.29	29.28
110	-44.71	13.71	-56.72
109	58.29	-27.29	81.28
108	-75.71	27.71	-108.72
107	88.29	-29.29	132.28
106	-97.71	45.71	-154.72
105	107.29	-51.29	171.28
104	-111.71	51.71	-190.72
103	119.29	-63.29	197.28
102	-121.71	69.71	-204.72
101	123.29	-62.29	208.28
100	-120.71	67.71	-207.72
99	117.29	-68.29	200.28
98	-108.71	67.71	-194.72
97	102.29	-62.29	181.28
96	-90.71	55.71	-167.72
95	80.29	-52.29	153.28
94	-70.71	51.71	-134.72
93	60.29	-40.29	112.28
92	-45.71	37.71	-93.72
91	36.29	-24.29	75.28
90	-23.71	22.71	-53.72
89	9.29	-17.29	35.28
88	0.29	7.71	-10.72
87	-15.71	2.71	-11.72
86	32.29	-9.29	34.28
85	-47.71	16.71	-61.72
84	64.29	-20.29	89.28
83	-76.71	29.71	-115.72
82	88.29	-33.29	140.28
81	-98.71	51.71	-157.72
80	110.29	-57.29	174.28
79	-117.71	51.71	-190.72
78	122.29	-49.29	202.28
77	-122.71	62.71	-206.72
76	121.29	-62.29	207.28
75	-122.71	61.71	-207.72
74	114.29	-67.29	201.28
73	-107.71	59.71	-191.72
72	97.29	-53.29	182.28
71	-90.71	51.71	-162.72
70	80.29	-43.29	146.28
69	-68.71	40.71	-128.72
68	55.29	-36.29	111.28
67	-43.71	27.71	-88.72
66	33.29	-26.29	66.28
65	-18.71	18.71	-47.72
64	9.29	-9.29	29.28
63	9.29	9.71	-4.72
62	-22.71	7.71	-16.72
61	34.29	-9.29	41.28
60	-51.71	15.71	-67.72
59	67.29	-24.29	94.28
58	-80.71	33.71	-118.72
57	92.29	-34.29	141.28
56	-102.71	41.71	-162.72
55	109.29	-47.29	177.28
54	-116.71	51.71	-191.72
53	119.29	-55.29	200.28
52	-122.71	61.71	-207.72
51	122.29	-61.29	208.28
50	-119.71	70.71	-204.72
49	114.29	-63.29	199.28
48	-108.71	66.71	-186.72
47	98.29	-62.29	178.28
46	-89.71	51.71	-161.72
45	76.29	-53.29	145.28
44	-64.71	46.71	-125.72
43	54.29	-35.29	108.28
42	-41.71	35.71	-82.72
41	32.29	-21.29	66.28
40	-19.71	21.71	-44.72
39	8.29	-15.29	24.28
38	7.29	4.71	0.28
37	-24.71	3.71	-20.72
36	37.29	-12.29	47.28
35	-52.71	19.71	-74.72
34	67.29	-25.29	96.28
33	-81.71	36.71	-123.72
32	95.29	-49.29	146.28
31	-101.71	43.71	-162.72
30	111.29	-49.29	182.28
29	-120.71	55.71	-196.72
28	122.29	-58.29	204.28
27	-124.71	63.71	-208.72
26	122.29	-62.29	210.28
25	-118.71	71.71	-204.72
24	111.29	-68.29	197.28
23	-104.71	63.71	-187.72
22	96.29	-57.29	175.28
21	-83.71	51.71	-161.72
20	78.29	-50.29	142.28
19	-62.71	45.71	-121.72
18	52.29	-29.29	103.28
17	-37.71	24.71	-80.72
16	27.29	-23.29	61.28
15	-16.71	20.71	-42.72
14	4.29	-6.29	22.28
13	10.29	1.71	5.28
12	-24.71	9.71	-25.72
11	41.29	-14.29	47.28
10	-57.71	26.71	-77.72
9	70.29	-21.29	103.28
8	-83.71	29.71	-127.72
7	95.29	-37.29	149.28
6	-107.71	47.71	-169.72
5	113.29	-55.29	186.28
4	-119.71	62.71	-197.72
3	122.29	-64.29	204.28
2	-123.71	64.71	-209.72
1	119.29	-59.29	209.28
0	-118.71	60.71	-206.72
