	X	Y	Z
24	-28.36	13.41	-63.64
23	36.64	-28.59	86.36
22	13.64	-14.59	43.36
21	0.64	8.41	-17.64
20	-18.36	-6.59	-11.64
19	33.64	-7.59	37.36
18	-51.36	15.41	-65.64
17	69.64	-22.59	97.36
16	-84.36	26.41	-128.64
15	101.64	-38.59	154.36
14	-111.36	38.41	-177.64
13	120.64	-48.59	200.36
12	-131.36	50.41	-213.64
11	133.64	-51.59	232.36
10	-138.36	60.41	-235.64
9	137.64	-49.59	242.36
8	-136.36	58.41	-236.64
7	129.64	-54.59	234.36
6	-122.36	59.41	-221.64
5	113.64	-59.59	214.36
4	-104.36	59.41	-192.64
3	91.64	-48.59	174.36
2	-81.36	41.41	-150.64
1	65.64	-34.59	131.36
0	-56.36	26.41	-112.64
