	X	Y	Z
160	20.48	-2.67	-2.69
159	-23.52	7.33	1.31
158	-16.52	5.33	0.31
157	13.48	11.33	-3.69
156	-14.52	7.33	1.31
155	10.48	-3.67	-0.69
154	-9.52	0.33	-0.69
153	6.48	3.33	-1.69
152	-3.52	-1.67	0.31
151	4.48	-2.67	3.31
150	-2.52	-2.67	-2.69
149	-2.52	4.33	-0.69
148	4.48	-2.67	-0.69
147	-11.52	3.33	-0.69
146	13.48	-6.67	-1.69
145	-15.52	-3.67	0.31
144	18.48	-6.67	0.31
143	-19.52	2.33	2.31
142	22.48	-3.67	-2.69
141	-21.52	-3.67	3.31
140	22.48	-4.67	-2.69
139	-25.52	-4.67	2.31
138	22.48	-2.67	-0.69
137	-24.52	5.33	1.31
136	24.48	6.33	-2.69
135	-22.52	4.33	-1.69
134	20.48	1.33	-2.69
133	-17.52	4.33	2.31
132	15.48	2.33	0.31
131	-15.52	-3.67	0.31
130	11.48	-3.67	-2.69
129	-11.52	3.33	1.31
128	8.48	5.33	-3.69
127	-6.52	-0.67	0.31
126	4.48	2.33	-0.69
125	-0.52	0.33	1.31
124	-1.52	-5.67	-0.69
123	2.48	7.33	-0.69
122	-7.52	2.33	0.31
121	11.48	4.33	-1.69
120	-13.52	-3.67	2.31
119	14.48	5.33	-3.69
118	-18.52	-3.67	3.31
117	17.48	-8.67	-1.69
116	-18.52	-4.67	2.31
115	22.48	-9.67	-2.69
114	-23.52	-2.67	1.31
113	24.48	3.33	-0.69
112	-26.52	-2.67	2.31
111	21.48	4.33	-2.69
110	-24.52	6.33	2.31
109	18.48	-2.67	-1.69
108	-22.52	-4.67	3.31
107	17.48	-6.67	-4.69
106	-13.52	-0.67	3.31
105	13.48	-2.67	-2.69
104	-13.52	3.33	1.31
103	11.48	6.33	-2.69
102	-7.52	1.33	0.31
101	2.48	4.33	-3.69
100	-2.52	6.33	0.31
99	-1.52	-2.67	-2.69
98	2.48	5.33	3.31
97	-7.52	1.33	0.31
96	9.48	-3.67	-0.69
95	-13.52	3.33	-1.69
94	15.48	-1.67	-2.69
93	-16.52	5.33	1.31
92	20.48	4.33	-2.69
91	-20.52	-2.67	1.31
90	25.48	-7.67	-3.69
89	-24.52	6.33	1.31
88	23.48	-3.67	-3.69
87	-23.52	4.33	2.31
86	22.48	-4.67	-5.69
85	-23.52	4.33	2.31
84	21.48	-4.67	-4.69
83	-20.52	-2.67	2.31
82	18.48	2.33	-1.69
81	-14.52	-1.67	1.31
80	13.48	-4.67	-2.69
79	-13.52	6.33	0.31
78	9.48	1.33	-1.69
77	-5.52	0.33	0.31
76	3.48	3.33	-1.69
75	-3.52	-6.67	0.31
74	-0.52	3.33	-0.69
73	1.48	6.33	-2.69
72	-4.52	-0.67	-1.69
71	9.48	5.33	-0.69
70	-11.52	4.33	3.31
69	15.48	-1.67	-2.69
68	-20.52	5.33	1.31
67	20.48	2.33	-4.69
66	-20.52	0.33	1.31
65	21.48	5.33	-3.69
64	-24.52	1.33	4.31
63	24.48	8.33	-2.69
62	-23.52	1.33	3.31
61	22.48	-2.67	-1.69
60	-22.52	6.33	2.31
59	20.48	-1.67	-2.69
58	-19.52	-3.67	4.31
57	21.48	-5.67	-0.69
56	-15.52	6.33	2.31
55	14.48	4.33	-0.69
54	-10.52	7.33	2.31
53	9.48	-3.67	-2.69
52	-8.52	-4.67	2.31
51	5.48	-0.67	-4.69
50	-2.52	5.33	2.31
49	-1.52	3.33	3.31
48	3.48	-4.67	2.31
47	-6.52	4.33	-1.69
46	7.48	-2.67	-0.69
45	-12.52	5.33	0.31
44	12.48	4.33	-2.69
43	-16.52	-0.67	1.31
42	19.48	2.33	-3.69
41	-23.52	6.33	2.31
40	22.48	-0.67	-3.69
39	-24.52	2.33	3.31
38	23.48	-0.67	-5.69
37	-26.52	-1.67	2.31
36	21.48	2.33	-1.69
35	-25.52	6.33	2.31
34	21.48	-0.67	0.31
33	-20.52	2.33	1.31
32	19.48	-3.67	-1.69
31	-16.52	-6.67	2.31
30	13.48	-4.67	-2.69
29	-12.52	7.33	2.31
28	9.48	0.33	-3.69
27	-10.52	-0.67	-0.69
26	5.48	-7.67	-2.69
25	-4.52	0.33	2.31
24	-0.52	3.33	0.31
23	1.48	-0.67	2.31
22	-5.52	6.33	-0.69
21	7.48	-4.67	0.31
20	-10.52	5.33	0.31
19	13.48	5.33	0.31
18	-18.52	5.33	2.31
17	18.48	6.33	-1.69
16	-21.52	0.33	-0.69
15	17.48	-4.67	-3.69
14	-23.52	1.33	3.31
13	24.48	-7.67	-4.69
12	-25.52	0.33	3.31
11	20.48	2.33	0.31
10	-21.52	-2.67	3.31
9	23.48	-2.67	-2.69
8	-19.52	7.33	2.31
7	20.48	3.33	-1.69
6	-19.52	5.33	1.31
5	18.48	-5.67	-2.69
4	-14.52	1.33	1.31
3	11.48	5.33	-1.69
2	-6.52	-3.67	-0.69
1	7.48	4.33	-0.69
0	-4.52	2.33	-1.69
