	X	Y	Z
100	-24.72	-5.04	2.1
99	23.28	-5.04	-1.9
98	25.28	-0.04	-1.9
97	-22.72	-4.04	1.1
96	20.28	-1.04	-2.9
95	-18.72	-6.04	3.1
94	15.28	-3.04	-0.9
93	-13.72	5.96	1.1
92	15.28	-5.04	-0.9
91	-7.72	-8.04	3.1
90	8.28	-7.04	0.1
89	-5.72	4.96	1.1
88	4.28	-5.04	-1.9
87	1.28	-5.04	1.1
86	0.28	-3.04	1.1
85	2.28	5.96	-0.9
84	-6.72	-4.04	0.1
83	12.28	-4.04	1.1
82	-13.72	2.96	-1.9
81	16.28	3.96	-1.9
80	-19.72	-6.04	1.1
79	18.28	-6.04	-2.9
78	-23.72	7.96	2.1
77	23.28	1.96	-2.9
76	-22.72	-3.04	3.1
75	25.28	-0.04	-4.9
74	-24.72	5.96	5.1
73	21.28	5.96	-2.9
72	-21.72	-2.04	3.1
71	20.28	-3.04	-1.9
70	-20.72	-2.04	2.1
69	16.28	-9.04	-1.9
68	-13.72	0.96	2.1
67	15.28	1.96	-1.9
66	-9.72	-6.04	0.1
65	11.28	3.96	0.1
64	-4.72	-5.04	1.1
63	2.28	-8.04	-2.9
62	-0.72	-3.04	0.1
61	-2.72	-2.04	-0.9
60	6.28	2.96	0.1
59	-7.72	3.96	-2.9
58	12.28	-2.04	0.1
57	-13.72	1.96	2.1
56	15.28	-5.04	1.1
55	-17.72	6.96	2.1
54	21.28	-5.04	-1.9
53	-22.72	-2.04	3.1
52	21.28	1.96	-1.9
51	-22.72	-0.04	1.1
50	26.28	-6.04	-4.9
49	-23.72	5.96	3.1
48	23.28	-11.04	-0.9
47	-22.72	6.96	1.1
46	19.28	-1.04	-3.9
45	-19.72	-1.04	-1.9
44	16.28	-0.04	-3.9
43	-13.72	4.96	5.1
42	10.28	-8.04	-1.9
41	-9.72	2.96	1.1
40	7.28	-3.04	-4.9
39	-5.72	-2.04	0.1
38	-0.72	2.96	-1.9
37	0.28	-4.04	-1.9
36	-0.72	0.96	-1.9
35	5.28	-4.04	2.1
34	-8.72	-2.04	4.1
33	12.28	-4.04	-0.9
32	-12.72	-3.04	-1.9
31	16.28	3.96	2.1
30	-16.72	-4.04	-0.9
29	23.28	4.96	-3.9
28	-21.72	3.96	4.1
27	23.28	-4.04	-3.9
26	-24.72	-4.04	1.1
25	24.28	-5.04	-3.9
24	-25.72	0.96	3.1
23	24.28	2.96	-1.9
22	-20.72	4.96	2.1
21	22.28	-7.04	-1.9
20	-17.72	6.96	1.1
19	16.28	0.96	-1.9
18	-14.72	-6.04	0.1
17	11.28	-1.04	-1.9
16	-8.72	7.96	4.1
15	8.28	-6.04	2.1
14	-4.72	-5.04	0.1
13	5.28	0.96	0.1
12	-2.72	4.96	0.1
11	-1.72	1.96	-1.9
10	9.28	4.96	0.1
9	-8.72	-2.04	-1.9
8	11.28	-4.04	1.1
7	-13.72	4.96	0.1
6	16.28	1.96	-2.9
5	-16.72	4.96	0.1
4	24.28	2.96	-2.9
3	-20.72	-3.04	2.1
2	21.28	-6.04	-2.9
1	-22.72	6.96	4.1
0	26.28	1.96	-4.9
