	X	Y	Z
159	-1.77	3.05	-1.87
158	-0.77	-4.95	-2.87
157	-2.77	-1.95	0.13
156	1.23	-0.95	0.13
155	0.23	-3.95	0.13
154	0.23	3.05	-1.87
153	-1.77	7.05	1.13
152	1.23	-2.95	1.13
151	-2.77	3.05	0.13
150	0.23	-2.95	-1.87
149	0.23	-9.95	0.13
148	-0.77	3.05	-1.87
147	-1.77	-2.95	0.13
146	-1.77	-5.95	-0.87
145	0.23	-5.95	2.13
144	1.23	-8.95	1.13
143	-1.77	-9.95	-0.87
142	0.23	4.05	-0.87
141	-0.77	8.05	-1.87
140	-0.77	4.05	2.13
139	0.23	5.05	2.13
138	-2.77	2.05	0.13
137	-0.77	-8.95	-0.87
136	-0.77	-5.95	0.13
135	-2.77	2.05	0.13
134	0.23	2.05	3.13
133	-1.77	-3.95	1.13
132	1.23	3.05	1.13
131	-0.77	2.05	-1.87
130	1.23	-10.95	0.13
129	-0.77	4.05	0.13
128	1.23	0.05	0.13
127	1.23	0.05	0.13
126	0.23	-0.95	2.13
125	1.23	-0.95	3.13
124	-2.77	0.05	3.13
123	3.23	1.05	-0.87
122	-1.77	0.05	3.13
121	0.23	-0.95	1.13
120	1.23	5.05	0.13
119	1.23	-5.95	-0.87
118	0.23	5.05	1.13
117	1.23	5.05	2.13
116	2.23	-7.95	0.13
115	1.23	2.05	0.13
114	0.23	4.05	3.13
113	-1.77	1.05	-0.87
112	-1.77	5.05	-1.87
111	1.23	-8.95	1.13
110	2.23	2.05	0.13
109	1.23	5.05	-2.87
108	1.23	3.05	1.13
107	0.23	2.05	2.13
106	3.23	4.05	0.13
105	-1.77	3.05	-1.87
104	0.23	1.05	2.13
103	0.23	-1.95	2.13
102	1.23	5.05	0.13
101	0.23	3.05	2.13
100	0.23	2.05	1.13
99	0.23	6.05	-0.87
98	1.23	5.05	-0.87
97	-0.77	5.05	1.13
96	0.23	-5.95	1.13
95	-1.77	4.05	0.13
94	1.23	-1.95	-2.87
93	1.23	2.05	0.13
92	2.23	2.05	1.13
91	-1.77	2.05	2.13
90	1.23	-6.95	1.13
89	0.23	3.05	-0.87
88	0.23	4.05	-1.87
87	0.23	-7.95	2.13
86	2.23	-2.95	-0.87
85	2.23	7.05	-0.87
84	0.23	5.05	2.13
83	1.23	-4.95	0.13
82	2.23	8.05	1.13
81	2.23	-24.95	-0.87
80	1.23	-8.95	0.13
79	1.23	-0.95	1.13
78	0.23	6.05	-1.87
77	-0.77	3.05	-0.87
76	0.23	-3.95	0.13
75	-0.77	-0.95	2.13
74	1.23	0.05	-1.87
73	1.23	5.05	-1.87
72	-0.77	4.05	1.13
71	1.23	1.05	2.13
70	2.23	7.05	3.13
69	0.23	3.05	-0.87
68	-0.77	7.05	0.13
67	-1.77	1.05	-2.87
66	0.23	-5.95	-0.87
65	1.23	-7.95	-0.87
64	2.23	2.05	0.13
63	1.23	6.05	-0.87
62	-0.77	2.05	1.13
61	0.23	-0.95	2.13
60	0.23	4.05	0.13
59	4.23	1.05	-2.87
58	-3.77	-4.95	0.13
57	1.23	5.05	2.13
56	3.23	-7.95	2.13
55	-2.77	5.05	1.13
54	-2.77	4.05	-1.87
53	0.23	5.05	0.13
52	0.23	2.05	-1.87
51	1.23	-11.95	0.13
50	-0.77	-5.95	-0.87
49	0.23	-1.95	1.13
48	0.23	-1.95	1.13
47	-1.77	5.05	1.13
46	-0.77	3.05	2.13
45	2.23	4.05	1.13
44	-0.77	1.05	1.13
43	3.23	-2.95	-0.87
42	3.23	5.05	1.13
41	0.23	-2.95	-0.87
40	-2.77	4.05	2.13
39	-2.77	-3.95	0.13
38	1.23	2.05	0.13
37	-2.77	3.05	-0.87
36	0.23	0.05	0.13
35	1.23	6.05	1.13
34	-1.77	-1.95	0.13
33	0.23	5.05	1.13
32	1.23	-4.95	-1.87
31	2.23	2.05	-1.87
30	0.23	-5.95	3.13
29	0.23	-2.95	0.13
28	-0.77	-2.95	1.13
27	-0.77	2.05	-0.87
26	-0.77	-9.95	2.13
25	1.23	4.05	1.13
24	0.23	4.05	0.13
23	-0.77	4.05	-1.87
22	-0.77	8.05	-0.87
21	0.23	1.05	0.13
20	2.23	5.05	-1.87
19	1.23	-4.95	-0.87
18	0.23	7.05	-0.87
17	1.23	4.05	0.13
16	-0.77	6.05	0.13
15	-0.77	-4.95	2.13
14	1.23	1.05	2.13
13	0.23	0.05	1.13
12	2.23	2.05	4.13
11	-0.77	-2.95	-1.87
10	1.23	-1.95	-0.87
9	2.23	6.05	0.13
8	-0.77	-3.95	0.13
7	1.23	4.05	-0.87
6	0.23	4.05	-0.87
5	2.23	5.05	-1.87
4	-0.77	-1.95	2.13
3	0.23	5.05	0.13
2	-1.77	2.05	1.13
1	0.23	5.05	0.13
0	-0.77	-2.95	-0.87
