	X	Y	Z
100	-3.69	8.22	-2.19
99	2.31	-3.78	-0.19
98	6.31	1.22	-2.19
97	-1.69	4.22	-0.19
96	4.31	5.22	0.81
95	-3.69	-0.78	0.81
94	2.31	-8.78	0.81
93	-0.69	-3.78	0.81
92	1.31	1.22	0.81
91	-2.69	7.22	-3.19
90	1.31	2.22	-1.19
89	-1.69	1.22	1.81
88	-1.69	-3.78	0.81
87	-0.69	-2.78	-1.19
86	1.31	3.22	1.81
85	-0.69	3.22	-0.19
84	-2.69	-2.78	-0.19
83	0.31	-1.78	-1.19
82	-4.69	-3.78	0.81
81	0.31	-1.78	1.81
80	-3.69	2.22	1.81
79	2.31	3.22	-1.19
78	-3.69	4.22	1.81
77	2.31	-9.78	0.81
76	-6.69	0.22	1.81
75	1.31	0.22	0.81
74	-2.69	3.22	0.81
73	1.31	-0.78	-0.19
72	-1.69	1.22	-1.19
71	-0.69	2.22	-1.19
70	-2.69	1.22	-1.19
69	2.31	-8.78	-0.19
68	-3.69	5.22	-0.19
67	-1.69	-11.78	-0.19
66	0.31	0.22	-1.19
65	-0.69	-7.78	-2.19
64	-3.69	1.22	0.81
63	-1.69	0.22	-0.19
62	1.31	-3.78	-1.19
61	-4.69	-5.78	-2.19
60	0.31	4.22	-0.19
59	-2.69	4.22	-0.19
58	-0.69	5.22	3.81
57	-2.69	-1.78	-0.19
56	0.31	4.22	-0.19
55	-4.69	-2.78	-2.19
54	0.31	-3.78	-1.19
53	-3.69	-3.78	1.81
52	3.31	-3.78	1.81
51	-3.69	3.22	-0.19
50	1.31	3.22	0.81
49	-3.69	5.22	-1.19
48	2.31	-3.78	0.81
47	-3.69	2.22	-1.19
46	2.31	6.22	-2.19
45	-5.69	5.22	0.81
44	-0.69	2.22	-2.19
43	-1.69	6.22	1.81
42	0.31	-5.78	-2.19
41	-2.69	7.22	1.81
40	-1.69	2.22	-0.19
39	-1.69	5.22	-0.19
38	-0.69	-0.78	1.81
37	-1.69	3.22	-1.19
36	-0.69	-8.78	-2.19
35	0.31	-6.78	-2.19
34	-1.69	-4.78	-2.19
33	4.31	2.22	-2.19
32	-2.69	-4.78	-0.19
31	1.31	-4.78	-1.19
30	-1.69	5.22	-4.19
29	1.31	-2.78	1.81
28	-2.69	-0.78	2.81
27	2.31	5.22	-0.19
26	-2.69	2.22	-1.19
25	3.31	-5.78	-1.19
24	-3.69	-4.78	0.81
23	5.31	2.22	-0.19
22	0.31	8.22	-1.19
21	3.31	1.22	-0.19
20	-1.69	5.22	1.81
19	-0.69	4.22	0.81
18	-4.69	-7.78	-0.19
17	1.31	2.22	-1.19
16	-3.69	5.22	3.81
15	-0.69	-0.78	-3.19
14	-1.69	-5.78	-1.19
13	1.31	7.22	-1.19
12	0.31	1.22	-4.19
11	-1.69	1.22	1.81
10	1.31	5.22	-1.19
9	-5.69	-3.78	-1.19
8	2.31	-3.78	-1.19
7	-4.69	0.22	0.81
6	0.31	-4.78	-2.19
5	-3.69	-7.78	-0.19
4	1.31	0.22	-0.19
3	-3.69	3.22	-1.19
2	2.31	3.22	-1.19
1	-4.69	4.22	-1.19
0	0.31	-4.78	0.81
