	X	Y	Z
100	-1.07	-1.77	-1.07
99	3.93	-7.77	-0.07
98	0.93	3.23	-0.07
97	-3.07	0.23	-0.07
96	-2.07	0.23	-0.07
95	-3.07	6.23	0.93
94	-0.07	-1.77	-1.07
93	-1.07	-4.77	-0.07
92	-2.07	-2.77	-0.07
91	-3.07	-1.77	0.93
90	-1.07	-2.77	-1.07
89	1.93	-7.77	1.93
88	0.93	5.23	1.93
87	0.93	0.23	2.93
86	-1.07	-5.77	1.93
85	1.93	-4.77	0.93
84	-2.07	3.23	0.93
83	0.93	-8.77	-0.07
82	-2.07	-6.77	-1.07
81	4.93	-1.77	-1.07
80	-5.07	6.23	-2.07
79	0.93	-5.77	-2.07
78	-4.07	4.23	-1.07
77	0.93	-3.77	0.93
76	-3.07	-0.77	0.93
75	4.93	2.23	0.93
74	-3.07	5.23	0.93
73	-1.07	-2.77	-0.07
72	-3.07	-5.77	0.93
71	-0.07	4.23	-2.07
70	-2.07	3.23	-0.07
69	1.93	2.23	-2.07
68	-2.07	3.23	-0.07
67	1.93	2.23	-0.07
66	-0.07	3.23	1.93
65	-3.07	-0.77	-2.07
64	-1.07	3.23	0.93
63	-5.07	11.23	-0.07
62	0.93	1.23	0.93
61	-5.07	-3.77	-0.07
60	0.93	2.23	1.93
59	-4.07	3.23	-3.07
58	1.93	4.23	0.93
57	-2.07	4.23	1.93
56	3.93	1.23	1.93
55	-7.07	1.23	1.93
54	3.93	5.23	-0.07
53	-3.07	-6.77	-1.07
52	2.93	1.23	-3.07
51	-4.07	-2.77	0.93
50	2.93	3.23	-1.07
49	-3.07	2.23	-2.07
48	-0.07	0.23	-1.07
47	-0.07	3.23	0.93
46	-0.07	1.23	-0.07
45	-2.07	-8.77	-0.07
44	-0.07	-8.77	1.93
43	-0.07	-0.77	0.93
42	-0.07	-6.77	-1.07
41	-1.07	6.23	0.93
40	1.93	1.23	0.93
39	-0.07	0.23	1.93
38	-2.07	5.23	1.93
37	-1.07	4.23	-1.07
36	-4.07	-4.77	0.93
35	1.93	0.23	0.93
34	-2.07	-5.77	1.93
33	1.93	-3.77	-0.07
32	-3.07	1.23	2.93
31	2.93	-7.77	-1.07
30	-5.07	2.23	-0.07
29	5.93	-7.77	-1.07
28	-4.07	4.23	0.93
27	2.93	2.23	-0.07
26	-5.07	-1.77	-2.07
25	1.93	-3.77	-0.07
24	-3.07	1.23	-1.07
23	1.93	0.23	-0.07
22	-2.07	5.23	-0.07
21	-0.07	3.23	-1.07
20	-3.07	-0.77	-2.07
19	1.93	-0.77	0.93
18	-2.07	1.23	0.93
17	-1.07	2.23	-1.07
16	0.93	1.23	0.93
15	0.93	-1.77	0.93
14	-1.07	-3.77	0.93
13	-1.07	2.23	1.93
12	-2.07	-3.77	2.93
11	-3.07	-0.77	0.93
10	1.93	4.23	0.93
9	-3.07	-1.77	-2.07
8	-1.07	2.23	0.93
7	-2.07	0.23	-0.07
6	2.93	-7.77	-1.07
5	-5.07	1.23	1.93
4	3.93	1.23	-3.07
3	-2.07	7.23	1.93
2	4.93	7.23	-1.07
1	-3.07	6.23	-0.07
0	2.93	2.23	1.93
