	X	Y	Z
159	-0.69	5.08	-4.46
158	2.31	-1.92	-1.46
157	-0.69	-4.92	-0.46
156	0.31	-4.92	-1.46
155	0.31	6.08	1.54
154	2.31	-0.92	-1.46
153	0.31	1.08	1.54
152	1.31	-1.92	-0.46
151	-0.69	-6.92	2.54
150	-3.69	8.08	0.54
149	0.31	6.08	-0.46
148	0.31	0.08	0.54
147	1.31	8.08	-0.46
146	0.31	-2.92	-1.46
145	-0.69	3.08	2.54
144	-0.69	-0.92	2.54
143	-0.69	1.08	-1.46
142	-2.69	3.08	-0.46
141	1.31	6.08	-0.46
140	-0.69	-4.92	0.54
139	-3.69	-0.92	2.54
138	1.31	4.08	-1.46
137	2.31	6.08	-1.46
136	0.31	-4.92	0.54
135	-0.69	-1.92	-0.46
134	-1.69	3.08	-1.46
133	0.31	5.08	0.54
132	1.31	-4.92	-2.46
131	0.31	4.08	-0.46
130	-0.69	1.08	0.54
129	-0.69	4.08	-0.46
128	4.31	6.08	2.54
127	-0.69	-0.92	-1.46
126	0.31	0.08	-0.46
125	0.31	0.08	-1.46
124	1.31	1.08	-0.46
123	-3.69	5.08	-1.46
122	-2.69	2.08	1.54
121	1.31	4.08	-2.46
120	0.31	-2.92	1.54
119	0.31	-5.92	-2.46
118	0.31	-3.92	-0.46
117	-0.69	-11.92	0.54
116	0.31	6.08	1.54
115	-0.69	4.08	1.54
114	0.31	5.08	0.54
113	0.31	4.08	1.54
112	-0.69	-2.92	-1.46
111	2.31	-7.92	0.54
110	-1.69	4.08	-0.46
109	-0.69	-1.92	-1.46
108	-0.69	-0.92	-1.46
107	2.31	5.08	-0.46
106	0.31	6.08	0.54
105	1.31	-5.92	-0.46
104	-0.69	-2.92	-1.46
103	0.31	5.08	1.54
102	-2.69	3.08	0.54
101	-0.69	8.08	-0.46
100	0.31	1.08	0.54
99	-1.69	3.08	0.54
98	0.31	-7.92	1.54
97	1.31	3.08	-0.46
96	-0.69	-0.92	-1.46
95	-1.69	5.08	-2.46
94	-0.69	-5.92	-0.46
93	0.31	0.08	2.54
92	1.31	-0.92	0.54
91	-1.69	6.08	-0.46
90	1.31	3.08	-1.46
89	-0.69	-3.92	1.54
88	0.31	4.08	-0.46
87	-0.69	-1.92	0.54
86	-0.69	-0.92	-0.46
85	0.31	3.08	-0.46
84	0.31	4.08	-1.46
83	0.31	4.08	2.54
82	0.31	7.08	-2.46
81	0.31	6.08	-1.46
80	-0.69	-0.92	0.54
79	2.31	-1.92	0.54
78	0.31	-3.92	1.54
77	0.31	1.08	2.54
76	-1.69	6.08	-1.46
75	-0.69	4.08	-3.46
74	1.31	6.08	3.54
73	3.31	-5.92	1.54
72	0.31	2.08	-3.46
71	0.31	-5.92	0.54
70	-2.69	-1.92	2.54
69	-1.69	5.08	1.54
68	-1.69	-2.92	0.54
67	-0.69	-1.92	-3.46
66	-1.69	8.08	2.54
65	-1.69	-0.92	-0.46
64	-2.69	5.08	0.54
63	2.31	1.08	-4.46
62	-0.69	7.08	3.54
61	1.31	-1.92	-1.46
60	-0.69	3.08	-0.46
59	-0.69	6.08	1.54
58	0.31	-1.92	1.54
57	1.31	-4.92	-1.46
56	1.31	-0.92	0.54
55	-1.69	1.08	-1.46
54	-0.69	1.08	-1.46
53	-2.69	4.08	-0.46
52	2.31	5.08	0.54
51	0.31	5.08	0.54
50	2.31	-7.92	-0.46
49	0.31	-3.92	0.54
48	-0.69	-3.92	-0.46
47	1.31	7.08	0.54
46	1.31	2.08	1.54
45	0.31	3.08	-1.46
44	-0.69	-1.92	0.54
43	-0.69	5.08	-0.46
42	1.31	3.08	1.54
41	0.31	6.08	1.54
40	1.31	1.08	-1.46
39	-0.69	-1.92	-2.46
38	0.31	5.08	0.54
37	1.31	7.08	-0.46
36	0.31	-9.92	-4.46
35	1.31	6.08	2.54
34	0.31	-3.92	-2.46
33	-2.69	-3.92	0.54
32	0.31	4.08	-2.46
31	0.31	-2.92	-2.46
30	0.31	-21.92	-2.46
29	1.31	-3.92	-1.46
28	-1.69	-0.92	0.54
27	-0.69	5.08	-0.46
26	0.31	6.08	-1.46
25	-1.69	0.08	-2.46
24	1.31	6.08	0.54
23	-1.69	5.08	1.54
22	0.31	6.08	-0.46
21	0.31	3.08	0.54
20	0.31	8.08	-2.46
19	1.31	-4.92	-0.46
18	1.31	2.08	1.54
17	1.31	4.08	0.54
16	-0.69	-5.92	1.54
15	0.31	1.08	0.54
14	-1.69	-1.92	-1.46
13	2.31	-8.92	-0.46
12	1.31	7.08	-0.46
11	1.31	2.08	-1.46
10	-0.69	6.08	1.54
9	-0.69	-2.92	-0.46
8	1.31	0.08	1.54
7	2.31	2.08	2.54
6	0.31	1.08	0.54
5	1.31	1.08	-0.46
4	0.31	-3.92	-0.46
3	0.31	-4.92	0.54
2	0.31	-1.92	0.54
1	-1.69	6.08	2.54
0	-0.69	5.08	-2.46
