	X	Y	Z
160	4.99	-7.74	1.09
159	-6.01	3.26	-1.91
158	-4.01	7.26	2.09
157	-3.01	-1.74	2.09
156	2.99	6.26	0.09
155	-9.01	-8.74	-1.91
154	7.99	3.26	-0.91
153	-12.01	0.26	1.09
152	12.99	-5.74	1.09
151	-19.01	-2.74	4.09
150	18.99	1.26	-1.91
149	-21.01	-3.74	2.09
148	22.99	3.26	-2.91
147	-25.01	-1.74	3.09
146	26.99	3.26	-0.91
145	-21.01	3.26	2.09
144	23.99	-2.74	-1.91
143	-22.01	-4.74	2.09
142	19.99	-11.74	-2.91
141	-19.01	6.26	1.09
140	17.99	-6.74	-1.91
139	-17.01	1.26	1.09
138	13.99	-5.74	-2.91
137	-10.01	6.26	4.09
136	8.99	-4.74	-2.91
135	-7.01	5.26	2.09
134	3.99	3.26	-0.91
133	-2.01	-4.74	0.09
132	0.99	-2.74	1.09
131	2.99	-10.74	-0.91
130	-5.01	-4.74	-0.91
129	7.99	3.26	2.09
128	-14.01	-2.74	2.09
127	16.99	2.26	-0.91
126	-19.01	-0.74	1.09
125	16.99	4.26	-0.91
124	-20.01	6.26	3.09
123	22.99	-6.74	-0.91
122	-24.01	6.26	3.09
121	22.99	-2.74	-0.91
120	-23.01	2.26	4.09
119	21.99	-2.74	-0.91
118	-23.01	-0.74	4.09
117	18.99	1.26	-1.91
116	-17.01	1.26	2.09
115	16.99	0.26	-2.91
114	-15.01	0.26	2.09
113	13.99	-2.74	-2.91
112	-11.01	8.26	3.09
111	7.99	3.26	-0.91
110	-6.01	3.26	1.09
109	7.99	4.26	-1.91
108	-2.01	5.26	0.09
107	-2.01	4.26	0.09
106	1.99	4.26	1.09
105	-9.01	4.26	0.09
104	9.99	-0.74	1.09
103	-14.01	3.26	-0.91
102	13.99	-6.74	0.09
101	-17.01	4.26	2.09
100	16.99	4.26	-2.91
99	-22.01	-0.74	3.09
98	20.99	-7.74	-2.91
97	-22.01	2.26	4.09
96	21.99	-2.74	-1.91
95	-24.01	8.26	2.09
94	23.99	-5.74	-3.91
93	-25.01	-4.74	0.09
92	19.99	5.26	-3.91
91	-22.01	5.26	0.09
90	18.99	-7.74	-0.91
89	-15.01	8.26	1.09
88	12.99	-5.74	-1.91
87	-12.01	-2.74	-0.91
86	8.99	2.26	1.09
85	-6.01	-5.74	0.09
84	4.99	-7.74	-0.91
83	-4.01	2.26	3.09
82	-1.01	-0.74	-2.91
81	4.99	-7.74	-1.91
80	-5.01	-7.74	1.09
79	7.99	-6.74	-1.91
78	-12.01	0.26	3.09
77	16.99	5.26	-1.91
76	-20.01	-8.74	1.09
75	19.99	5.26	-2.91
74	-21.01	5.26	1.09
73	22.99	-4.74	-2.91
72	-26.01	-4.74	2.09
71	26.99	2.26	-2.91
70	-25.01	-2.74	6.09
69	25.99	-0.74	0.09
68	-24.01	4.26	2.09
67	23.99	-2.74	-0.91
66	-17.01	5.26	0.09
65	15.99	-4.74	-1.91
64	-18.01	-1.74	0.09
63	14.99	-1.74	-3.91
62	-11.01	-0.74	3.09
61	7.99	-6.74	0.09
60	-4.01	6.26	4.09
59	4.99	1.26	2.09
58	-0.01	-6.74	1.09
57	-2.01	-13.74	-0.91
56	2.99	4.26	1.09
55	-7.01	4.26	2.09
54	7.99	-3.74	2.09
53	-15.01	5.26	0.09
52	15.99	0.26	1.09
51	-19.01	-3.74	2.09
50	16.99	1.26	-4.91
49	-20.01	-3.74	4.09
48	22.99	0.26	-0.91
47	-23.01	-4.74	2.09
46	21.99	-7.74	0.09
45	-26.01	-2.74	7.09
44	22.99	-5.74	-1.91
43	-24.01	4.26	3.09
42	20.99	-7.74	-1.91
41	-20.01	-1.74	2.09
40	16.99	-0.74	-3.91
39	-18.01	5.26	1.09
38	11.99	-2.74	-0.91
37	-13.01	5.26	3.09
36	6.99	-5.74	0.09
35	-8.01	-3.74	4.09
34	3.99	-2.74	0.09
33	-2.01	5.26	0.09
32	-3.01	-3.74	1.09
31	5.99	0.26	-0.91
30	-5.01	0.26	-0.91
29	11.99	0.26	-0.91
28	-11.01	4.26	0.09
27	16.99	-1.74	-2.91
26	-19.01	-5.74	3.09
25	17.99	-3.74	-2.91
24	-22.01	1.26	2.09
23	20.99	-1.74	-2.91
22	-23.01	3.26	4.09
21	22.99	-0.74	-2.91
20	-24.01	4.26	2.09
19	22.99	-8.74	-4.91
18	-21.01	0.26	6.09
17	19.99	-0.74	1.09
16	-18.01	1.26	1.09
15	17.99	-8.74	-0.91
14	-16.01	6.26	1.09
13	12.99	1.26	-1.91
12	-8.01	2.26	3.09
11	9.99	-5.74	-1.91
10	-7.01	-3.74	1.09
9	4.99	-3.74	-1.91
8	-1.01	7.26	3.09
7	-1.01	4.26	0.09
6	4.99	6.26	3.09
5	-3.01	0.26	0.09
4	8.99	5.26	-2.91
3	-11.01	3.26	-0.91
2	16.99	-3.74	-2.91
1	-20.01	-3.74	4.09
0	20.99	4.26	-0.91
