	X	Y	Z
159	-19.52	0.95	4.05
158	19.48	-3.05	0.05
157	19.48	11.95	-0.95
156	-22.52	-2.05	2.05
155	20.48	4.95	-1.95
154	-20.52	-2.05	6.05
153	19.48	3.95	-1.95
152	-17.52	3.95	2.05
151	17.48	-1.05	-1.95
150	-18.52	-5.05	5.05
149	16.48	3.95	0.05
148	-11.52	3.95	0.05
147	7.48	-0.05	1.05
146	-9.52	-2.05	3.05
145	5.48	-3.05	-0.95
144	-0.52	3.95	4.05
143	4.48	1.95	-0.95
142	4.48	4.95	3.05
141	-6.52	0.95	0.05
140	4.48	-3.05	0.05
139	-9.52	-1.05	-3.95
138	12.48	7.95	2.05
137	-13.52	0.95	-0.95
136	15.48	2.95	1.05
135	-20.52	-5.05	1.05
134	20.48	7.95	0.05
133	-20.52	-5.05	4.05
132	23.48	7.95	-3.95
131	-20.52	-5.05	3.05
130	24.48	-1.05	-2.95
129	-20.52	1.95	3.05
128	19.48	7.95	-0.95
127	-17.52	-16.05	2.05
126	16.48	7.95	0.05
125	-15.52	3.95	1.05
124	13.48	-2.05	0.05
123	-12.52	-3.05	1.05
122	11.48	3.95	-0.95
121	-7.52	2.95	4.05
120	5.48	-4.05	-1.95
119	-1.52	3.95	1.05
118	-0.52	-4.05	-1.95
117	1.48	-0.05	1.05
116	-4.52	1.95	-0.95
115	5.48	-0.05	1.05
114	-7.52	0.95	1.05
113	12.48	2.95	1.05
112	-12.52	-2.05	-0.95
111	15.48	1.95	-1.95
110	-17.52	-1.05	0.05
109	16.48	0.95	0.05
108	-21.52	3.95	2.05
107	19.48	0.95	-3.95
106	-24.52	-2.05	3.05
105	22.48	5.95	-2.95
104	-24.52	-9.05	2.05
103	20.48	-7.05	-0.95
102	-20.52	-4.05	0.05
101	13.48	-0.05	-1.95
100	-14.52	0.95	4.05
99	10.48	6.95	-1.95
98	-13.52	-5.05	1.05
97	15.48	-0.05	0.05
96	-7.52	2.95	-0.95
95	6.48	-4.05	0.05
94	-6.52	-3.05	1.05
93	1.48	-7.05	3.05
92	0.48	6.95	0.05
91	-3.52	-10.05	1.05
90	6.48	5.95	2.05
89	-10.52	-1.05	3.05
88	11.48	1.95	2.05
87	-14.52	-7.05	-0.95
86	14.48	-0.05	0.05
85	-15.52	2.95	3.05
84	20.48	5.95	0.05
83	-22.52	-0.05	2.05
82	22.48	-2.05	-1.95
81	-22.52	-9.05	1.05
80	21.48	-0.05	-2.95
79	-22.52	-0.05	4.05
78	23.48	-0.05	-1.95
77	-19.52	-6.05	2.05
76	16.48	5.95	1.05
75	-18.52	-1.05	0.05
74	12.48	6.95	-0.95
73	-10.52	2.95	2.05
72	8.48	6.95	-1.95
71	-5.52	-3.05	1.05
70	6.48	-4.05	-0.95
69	-4.52	3.95	-0.95
68	1.48	-3.05	0.05
67	3.48	4.95	3.05
66	-0.52	-6.05	1.05
65	3.48	9.95	-1.95
64	-8.52	-4.05	-1.95
63	13.48	0.95	0.05
62	-16.52	-0.05	2.05
61	15.48	-3.05	0.05
60	-18.52	-0.05	2.05
59	19.48	6.95	-1.95
58	-21.52	-3.05	1.05
57	20.48	-3.05	1.05
56	-22.52	-8.05	5.05
55	21.48	-0.05	-3.95
54	-20.52	-7.05	0.05
53	19.48	2.95	-1.95
52	-19.52	-3.05	3.05
51	18.48	0.95	1.05
50	-14.52	-0.05	-1.95
49	12.48	-3.05	-0.95
48	-12.52	-3.05	2.05
47	9.48	-1.05	-0.95
46	-8.52	1.95	1.05
45	4.48	-2.05	1.05
44	-3.52	4.95	3.05
43	1.48	3.95	0.05
42	4.48	-6.05	-0.95
41	-4.52	3.95	2.05
40	5.48	0.95	0.05
39	-8.52	-8.05	2.05
38	12.48	0.95	1.05
37	-18.52	-5.05	-0.95
36	13.48	3.95	-2.95
35	-17.52	1.95	2.05
34	18.48	-4.05	-2.95
33	-20.52	-5.05	2.05
32	21.48	2.95	-1.95
31	-19.52	-5.05	2.05
30	21.48	-4.05	-1.95
29	-20.52	-8.05	1.05
28	20.48	-5.05	-1.95
27	-18.52	-8.05	0.05
26	16.48	1.95	-2.95
25	-14.52	-3.05	1.05
24	13.48	4.95	-0.95
23	-9.52	1.95	2.05
22	9.48	-7.05	-0.95
21	-4.52	-6.05	0.05
20	4.48	-1.05	2.05
19	-1.52	-4.05	1.05
18	3.48	-7.05	-0.95
17	1.48	0.95	0.05
16	-6.52	-0.05	1.05
15	10.48	5.95	2.05
14	-11.52	-7.05	0.05
13	9.48	5.95	-2.95
12	-13.52	-4.05	2.05
11	17.48	5.95	-0.95
10	-19.52	2.95	3.05
9	20.48	-4.05	-1.95
8	-18.52	-7.05	2.05
7	22.48	-1.05	0.05
6	-17.52	-5.05	1.05
5	21.48	0.95	1.05
4	-21.52	0.95	1.05
3	19.48	-4.05	2.05
2	-20.52	-7.05	0.05
1	15.48	7.95	-1.95
0	-16.52	-2.05	5.05
