	X	Y	Z
159	18.55	2.56	0.57
158	-15.45	2.56	-6.43
157	-17.45	6.56	-3.43
156	18.55	-4.44	5.57
155	-18.45	8.56	-6.43
154	19.55	-0.44	2.57
153	-17.45	-4.44	-6.43
152	16.55	0.56	1.57
151	-14.45	-1.44	-2.43
150	11.55	-7.44	4.57
149	-9.45	5.56	0.57
148	9.55	-12.44	3.57
147	-9.45	6.56	-1.43
146	7.55	2.56	-0.43
145	-4.45	0.56	-1.43
144	3.55	1.56	-0.43
143	-1.45	1.56	-3.43
142	-2.45	4.56	-0.43
141	0.55	4.56	-0.43
140	-6.45	-7.44	-1.43
139	5.55	-5.44	-0.43
138	-6.45	4.56	-2.43
137	11.55	-5.44	2.57
136	-14.45	-1.44	-4.43
135	16.55	1.56	3.57
134	-16.45	-4.44	-2.43
133	19.55	-8.44	5.57
132	-16.45	-1.44	-1.43
131	17.55	-8.44	2.57
130	-16.45	5.56	-5.43
129	16.55	-8.44	4.57
128	-16.45	8.56	-1.43
127	14.55	-8.44	2.57
126	-12.45	-0.44	-1.43
125	11.55	2.56	2.57
124	-10.45	-3.44	-2.43
123	10.55	-1.44	1.57
122	-7.45	-1.44	-2.43
121	4.55	-1.44	0.57
120	-2.45	1.56	-0.43
119	2.55	-6.44	1.57
118	-2.45	-4.44	0.57
117	-2.45	3.56	-1.43
116	2.55	-4.44	0.57
115	-4.45	-9.44	-3.43
114	4.55	-8.44	3.57
113	-11.45	-3.44	-1.43
112	8.55	2.56	1.57
111	-13.45	6.56	-3.43
110	15.55	-7.44	2.57
109	-17.45	4.56	-2.43
108	18.55	-8.44	2.57
107	-17.45	-0.44	-1.43
106	19.55	1.56	1.57
105	-17.45	-18.44	-1.43
104	18.55	-9.44	2.57
103	-16.45	8.56	-4.43
102	17.55	0.56	2.57
101	-13.45	0.56	-1.43
100	13.55	0.56	1.57
99	-12.45	8.56	-2.43
98	10.55	0.56	1.57
97	-5.45	-3.44	1.57
96	3.55	0.56	2.57
95	-3.45	-3.44	-1.43
94	3.55	-2.44	-1.43
93	1.55	4.56	-0.43
92	-5.45	-4.44	2.57
91	3.55	4.56	-1.43
90	-4.45	1.56	0.57
89	9.55	-4.44	-0.43
88	-7.45	5.56	-0.43
87	10.55	3.56	4.57
86	-14.45	-2.44	-1.43
85	15.55	-4.44	4.57
84	-16.45	-3.44	-5.43
83	18.55	-11.44	3.57
82	-17.45	9.56	-2.43
81	19.55	-9.44	2.57
80	-16.45	-19.44	-1.43
79	17.55	1.56	1.57
78	-15.45	7.56	-3.43
77	15.55	-10.44	4.57
76	-16.45	-0.44	-3.43
75	11.55	-5.44	4.57
74	-12.45	7.56	-1.43
73	10.55	-4.44	-0.43
72	-7.45	6.56	-4.43
71	8.55	-1.44	3.57
70	-6.45	7.56	-0.43
69	0.55	1.56	0.57
68	-1.45	6.56	-2.43
67	1.55	-4.44	-1.43
66	2.55	-5.44	0.57
65	-6.45	-1.44	-0.43
64	5.55	3.56	-0.43
63	-11.45	6.56	-1.43
62	10.55	-5.44	0.57
61	-13.45	-2.44	-3.43
60	15.55	0.56	2.57
59	-14.45	3.56	-5.43
58	15.55	5.56	4.57
57	-17.45	4.56	-3.43
56	19.55	0.56	2.57
55	-16.45	9.56	-3.43
54	17.55	-8.44	1.57
53	-17.45	3.56	-5.43
52	15.55	-3.44	1.57
51	-13.45	-0.44	-3.43
50	11.55	-11.44	2.57
49	-13.45	-3.44	-1.43
48	12.55	-0.44	1.57
47	-8.45	-3.44	-3.43
46	6.55	0.56	3.57
45	-3.45	5.56	-1.43
44	0.55	4.56	0.57
43	-1.45	-3.44	3.57
42	-0.45	-7.44	-3.43
41	2.55	-3.44	0.57
40	-4.45	-2.44	-1.43
39	7.55	-5.44	0.57
38	-9.45	-1.44	-3.43
37	10.55	1.56	2.57
36	-13.45	0.56	-0.43
35	14.55	0.56	2.57
34	-13.45	2.56	-3.43
33	17.55	-6.44	4.57
32	-19.45	5.56	-3.43
31	16.55	-10.44	3.57
30	-17.45	-1.44	-4.43
29	16.55	-12.44	4.57
28	-16.45	8.56	-5.43
27	14.55	0.56	1.57
26	-17.45	-0.44	-2.43
25	12.55	-1.44	3.57
24	-8.45	2.56	-3.43
23	8.55	-8.44	1.57
22	-9.45	3.56	-2.43
21	6.55	-1.44	-1.43
20	-2.45	5.56	-0.43
19	3.55	1.56	-0.43
18	1.55	1.56	0.57
17	-1.45	-4.44	2.57
16	2.55	-3.44	0.57
15	-6.45	5.56	-1.43
14	9.55	-1.44	2.57
13	-8.45	6.56	-1.43
12	11.55	-6.44	0.57
11	-13.45	1.56	-2.43
10	16.55	-4.44	5.57
9	-15.45	4.56	-2.43
8	17.55	-7.44	2.57
7	-18.45	2.56	-3.43
6	18.55	-1.44	4.57
5	-14.45	8.56	-4.43
4	19.55	-3.44	5.57
3	-15.45	10.56	-2.43
2	15.55	-0.44	3.57
1	-11.45	1.56	-3.43
0	12.55	-7.44	2.57
