	X	Y	Z
499	17.04	1.79	1.79
498	-17.96	5.79	-4.21
497	-18.96	8.79	-2.21
496	16.04	-9.21	6.79
495	-13.96	1.79	-4.21
494	10.04	-3.21	4.79
493	-11.96	7.79	-1.21
492	10.04	-2.21	-1.21
491	-8.96	3.79	-0.21
490	6.04	-5.21	-0.21
489	-2.96	-0.21	-1.21
488	2.04	-3.21	-0.21
487	2.04	-4.21	0.79
486	-0.96	-7.21	1.79
485	5.04	-7.21	0.79
484	-4.96	1.79	-4.21
483	6.04	-0.21	3.79
482	-7.96	-6.21	-4.21
481	13.04	1.79	1.79
480	-10.96	-0.21	-2.21
479	13.04	-5.21	0.79
478	-12.96	0.79	-4.21
477	19.04	-3.21	4.79
476	-17.96	4.79	-2.21
475	19.04	-6.21	0.79
474	-17.96	6.79	-4.21
473	16.04	-1.21	1.79
472	-17.96	-6.21	-7.21
471	13.04	0.79	2.79
470	-12.96	5.79	-4.21
469	14.04	-2.21	1.79
468	-10.96	6.79	-3.21
467	9.04	-9.21	4.79
466	-9.96	-5.21	-2.21
465	6.04	-0.21	1.79
464	-4.96	6.79	0.79
463	5.04	-0.21	-1.21
462	-1.96	-3.21	0.79
461	-0.96	2.79	-0.21
460	1.04	0.79	-0.21
459	-5.96	4.79	-1.21
458	9.04	0.79	-0.21
457	-7.96	1.79	-4.21
456	10.04	-2.21	2.79
455	-14.96	6.79	-2.21
454	13.04	-11.21	2.79
453	-18.96	-3.21	-3.21
452	18.04	-8.21	0.79
451	-20.96	4.79	-3.21
450	17.04	-1.21	2.79
449	-16.96	5.79	-6.21
448	19.04	-5.21	2.79
447	-14.96	-0.21	-3.21
446	19.04	-9.21	1.79
445	-13.96	8.79	-1.21
444	11.04	-9.21	1.79
443	-9.96	-0.21	-1.21
442	10.04	-4.21	2.79
441	-6.96	-7.21	-0.21
440	3.04	0.79	-0.21
439	-6.96	4.79	-2.21
438	3.04	-6.21	0.79
437	-1.96	7.79	0.79
436	1.04	-3.21	0.79
435	4.04	-0.21	0.79
434	-4.96	2.79	-2.21
433	6.04	3.79	-0.21
432	-5.96	-7.21	-2.21
431	13.04	-5.21	4.79
430	-12.96	0.79	-4.21
429	14.04	-4.21	2.79
428	-13.96	5.79	-3.21
427	17.04	-8.21	2.79
426	-18.96	6.79	-5.21
425	15.04	-2.21	-1.21
424	-17.96	-1.21	-6.21
423	17.04	-5.21	1.79
422	-17.96	0.79	-6.21
421	17.04	-2.21	5.79
420	-12.96	4.79	-5.21
419	14.04	-0.21	2.79
418	-11.96	1.79	-4.21
417	11.04	-10.21	0.79
416	-8.96	-4.21	-1.21
415	8.04	-5.21	2.79
414	-6.96	5.79	-2.21
413	4.04	-9.21	-1.21
412	-1.96	-4.21	0.79
411	2.04	1.79	-2.21
410	1.04	4.79	0.79
409	-2.96	-0.21	-1.21
408	7.04	-9.21	1.79
407	-7.96	-3.21	-0.21
406	9.04	-6.21	0.79
405	-10.96	-0.21	-4.21
404	12.04	-7.21	4.79
403	-14.96	9.79	-3.21
402	16.04	2.79	0.79
401	-18.96	3.79	-1.21
400	20.04	-4.21	1.79
399	-17.96	6.79	-4.21
398	19.04	-8.21	3.79
397	-17.96	2.79	-4.21
396	18.04	-8.21	1.79
395	-13.96	-4.21	-0.21
394	17.04	-8.21	1.79
393	-13.96	-2.21	-2.21
392	13.04	-5.21	2.79
391	-4.96	-3.21	-4.21
390	9.04	-7.21	-0.21
389	-7.96	5.79	-0.21
388	3.04	0.79	-0.21
387	-0.96	-1.21	-1.21
386	1.04	-2.21	2.79
385	1.04	-6.21	-0.21
384	-1.96	3.79	-2.21
383	7.04	0.79	2.79
382	-9.96	1.79	-4.21
381	12.04	-6.21	1.79
380	-12.96	4.79	-2.21
379	14.04	0.79	0.79
378	-13.96	6.79	-1.21
377	16.04	-10.21	2.79
376	-14.96	7.79	-5.21
375	20.04	-9.21	2.79
374	-18.96	5.79	-4.21
373	18.04	-9.21	2.79
372	-16.96	7.79	-3.21
371	18.04	-1.21	2.79
370	-12.96	-22.21	-3.21
369	13.04	-3.21	2.79
368	-13.96	-1.21	-4.21
367	11.04	-1.21	-0.21
366	-7.96	8.79	-2.21
365	8.04	-10.21	0.79
364	-5.96	8.79	1.79
363	5.04	-2.21	0.79
362	-2.96	2.79	-1.21
361	2.04	1.79	-3.21
360	0.04	-7.21	-1.21
359	2.04	-0.21	-3.21
358	2.04	-3.21	-0.21
357	0.04	0.79	1.79
356	3.04	2.79	-2.21
355	2.04	2.79	0.79
354	-0.96	-3.21	-0.21
353	2.04	3.79	-0.21
352	2.04	4.79	1.79
351	4.04	0.79	-1.21
350	-2.96	-0.21	-2.21
349	2.04	-6.21	-2.21
348	-3.96	-4.21	-1.21
347	-2.96	3.79	0.79
346	2.04	-2.21	-0.21
345	1.04	4.79	1.79
344	2.04	3.79	-3.21
343	1.04	4.79	0.79
342	1.04	-5.21	-0.21
341	1.04	4.79	-0.21
340	1.04	-0.21	-0.21
339	0.04	0.79	-0.21
338	-0.96	3.79	-0.21
337	0.04	-6.21	-3.21
336	-0.96	-4.21	0.79
335	1.04	2.79	-1.21
334	0.04	-6.21	-0.21
333	2.04	2.79	-1.21
332	1.04	-2.21	-2.21
331	1.04	-1.21	0.79
330	1.04	4.79	-1.21
329	0.04	5.79	-1.21
328	2.04	-4.21	0.79
327	0.04	-4.21	-2.21
326	-1.96	2.79	-1.21
325	0.04	-0.21	-4.21
324	0.04	-0.21	-3.21
323	0.04	1.79	0.79
322	3.04	2.79	1.79
321	0.04	-1.21	-0.21
320	4.04	-2.21	0.79
319	1.04	-8.21	-0.21
318	0.04	6.79	-1.21
317	1.04	-3.21	-1.21
316	0.04	-6.21	-0.21
315	1.04	-6.21	-1.21
314	1.04	-3.21	0.79
313	0.04	-0.21	-2.21
312	-0.96	-0.21	-0.21
311	1.04	-6.21	-1.21
310	0.04	2.79	0.79
309	0.04	3.79	-1.21
308	2.04	-8.21	2.79
307	1.04	-1.21	-2.21
306	-0.96	-0.21	-0.21
305	4.04	3.79	-3.21
304	0.04	-5.21	-2.21
303	-0.96	3.79	-1.21
302	0.04	-1.21	0.79
301	0.04	2.79	-0.21
300	2.04	-3.21	-3.21
299	2.04	3.79	0.79
298	-0.96	-5.21	-1.21
297	1.04	-2.21	1.79
296	-1.96	4.79	-1.21
295	1.04	-1.21	-0.21
294	-2.96	2.79	-4.21
293	-0.96	2.79	-3.21
292	-1.96	-9.21	-0.21
291	3.04	3.79	-0.21
290	0.04	2.79	-3.21
289	1.04	-5.21	-2.21
288	-3.96	2.79	1.79
287	0.04	0.79	0.79
286	1.04	-0.21	0.79
285	-2.96	-6.21	0.79
284	2.04	2.79	-0.21
283	1.04	-8.21	2.79
282	3.04	-6.21	1.79
281	2.04	-1.21	-1.21
280	-0.96	1.79	-1.21
279	2.04	-9.21	0.79
278	0.04	-0.21	-2.21
277	2.04	-2.21	-0.21
276	0.04	5.79	0.79
275	0.04	-7.21	-1.21
274	1.04	-1.21	-2.21
273	2.04	-0.21	-2.21
272	1.04	4.79	0.79
271	0.04	-10.21	-0.21
270	1.04	2.79	0.79
269	2.04	-1.21	0.79
268	-0.96	-1.21	-1.21
267	-0.96	-5.21	0.79
266	0.04	-0.21	0.79
265	0.04	-7.21	-1.21
264	-0.96	-0.21	-0.21
263	-1.96	1.79	-1.21
262	1.04	-5.21	-0.21
261	0.04	1.79	0.79
260	3.04	-1.21	-1.21
259	1.04	-5.21	-1.21
258	0.04	-2.21	-1.21
257	2.04	-8.21	-1.21
256	-1.96	3.79	-1.21
255	-2.96	4.79	1.79
254	0.04	-7.21	1.79
253	2.04	3.79	4.79
252	-1.96	-3.21	0.79
251	4.04	-3.21	-2.21
250	-0.96	-2.21	1.79
249	0.04	4.79	-1.21
248	3.04	3.79	-3.21
247	1.04	2.79	0.79
246	0.04	0.79	0.79
245	2.04	4.79	0.79
244	-2.96	-8.21	-3.21
243	-0.96	5.79	0.79
242	-2.96	-5.21	0.79
241	-1.96	6.79	0.79
240	0.04	0.79	-1.21
239	-0.96	-6.21	1.79
238	2.04	-1.21	-1.21
237	0.04	2.79	0.79
236	-0.96	-11.21	-1.21
235	2.04	3.79	-1.21
234	2.04	-7.21	-4.21
233	-1.96	-5.21	-1.21
232	1.04	4.79	1.79
231	1.04	6.79	-0.21
230	1.04	-2.21	-2.21
229	1.04	0.79	-0.21
228	3.04	2.79	-1.21
227	-0.96	-8.21	-1.21
226	-0.96	3.79	-2.21
225	2.04	-7.21	-0.21
224	-2.96	-0.21	1.79
223	0.04	-0.21	0.79
222	2.04	-4.21	-0.21
221	3.04	-8.21	0.79
220	-2.96	0.79	-0.21
219	1.04	2.79	1.79
218	0.04	0.79	-0.21
217	1.04	-6.21	-1.21
216	1.04	4.79	0.79
215	-1.96	-0.21	-3.21
214	-2.96	4.79	0.79
213	1.04	3.79	-3.21
212	-0.96	1.79	-1.21
211	1.04	2.79	0.79
210	1.04	6.79	-1.21
209	0.04	-6.21	-0.21
208	1.04	-0.21	-1.21
207	-0.96	3.79	-0.21
206	2.04	-6.21	-0.21
205	0.04	-2.21	0.79
204	-0.96	1.79	-1.21
203	1.04	-10.21	-1.21
202	1.04	-7.21	-0.21
201	-1.96	-4.21	-1.21
200	0.04	-1.21	-1.21
199	0.04	-1.21	0.79
198	1.04	-1.21	-0.21
197	-1.96	1.79	-4.21
196	-0.96	5.79	0.79
195	-1.96	4.79	1.79
194	-2.96	2.79	-1.21
193	1.04	0.79	-0.21
192	0.04	-3.21	-1.21
191	0.04	3.79	-0.21
190	1.04	-0.21	0.79
189	-0.96	4.79	-2.21
188	0.04	2.79	1.79
187	-0.96	5.79	2.79
186	0.04	3.79	1.79
185	-2.96	2.79	-3.21
184	1.04	2.79	-2.21
183	-0.96	3.79	0.79
182	-0.96	3.79	-1.21
181	0.04	6.79	-0.21
180	-1.96	3.79	0.79
179	-1.96	-1.21	-1.21
178	-2.96	-1.21	-0.21
177	2.04	3.79	1.79
176	0.04	7.79	-0.21
175	3.04	0.79	-0.21
174	-0.96	3.79	0.79
173	1.04	-2.21	1.79
172	-0.96	12.79	-3.21
171	4.04	2.79	-1.21
170	-1.96	6.79	-0.21
169	3.04	-9.21	-1.21
168	-2.96	-4.21	0.79
167	2.04	-3.21	-0.21
166	-4.96	5.79	1.79
165	5.04	-7.21	-1.21
164	-2.96	7.79	0.79
163	2.04	-4.21	-2.21
162	-3.96	1.79	-2.21
161	2.04	2.79	-0.21
160	-1.96	4.79	3.79
159	2.04	-2.21	0.79
158	1.04	0.79	0.79
157	-0.96	4.79	1.79
156	0.04	-0.21	-0.21
155	-3.96	5.79	-1.21
154	11.04	0.79	0.79
153	-1.96	7.79	0.79
152	21.04	-0.21	1.79
151	-3.96	4.79	-1.21
150	28.04	-0.21	4.79
149	-9.96	-3.21	-0.21
148	33.04	-3.21	5.79
147	-9.96	4.79	-2.21
146	31.04	1.79	8.79
145	-13.96	9.79	-1.21
144	20.04	1.79	3.79
143	-10.96	-1.21	-1.21
142	10.04	1.79	2.79
141	-8.96	9.79	-1.21
140	5.04	-4.21	-0.21
139	-5.96	3.79	-1.21
138	5.04	-10.21	1.79
137	-1.96	-3.21	-3.21
136	0.04	1.79	-0.21
135	1.04	-0.21	1.79
134	-4.96	-12.21	-1.21
133	3.04	-0.21	-0.21
132	-9.96	3.79	-4.21
131	8.04	-7.21	0.79
130	-11.96	2.79	-3.21
129	15.04	-13.21	2.79
128	-15.96	5.79	-4.21
127	17.04	-11.21	1.79
126	-18.96	0.79	-3.21
125	20.04	-0.21	2.79
124	-16.96	-0.21	-3.21
123	16.04	-6.21	4.79
122	-14.96	-7.21	-3.21
121	18.04	-11.21	2.79
120	-16.96	2.79	-6.21
119	15.04	-6.21	1.79
118	-14.96	-4.21	-1.21
117	12.04	-4.21	3.79
116	-10.96	-1.21	-1.21
115	7.04	-9.21	2.79
114	-8.96	-0.21	-2.21
113	5.04	-1.21	-0.21
112	-0.96	5.79	-1.21
111	0.04	0.79	0.79
110	3.04	-0.21	-0.21
109	-4.96	-4.21	-2.21
108	7.04	5.79	-0.21
107	-9.96	-8.21	-3.21
106	7.04	1.79	0.79
105	-8.96	8.79	-3.21
104	12.04	-8.21	4.79
103	-15.96	-4.21	-2.21
102	14.04	-5.21	4.79
101	-17.96	0.79	-3.21
100	18.04	-10.21	1.79
99	-17.96	-4.21	-2.21
98	19.04	-7.21	4.79
97	-12.96	0.79	-4.21
96	15.04	-6.21	1.79
95	-13.96	-3.21	-2.21
94	15.04	-0.21	3.79
93	-11.96	9.79	-4.21
92	11.04	-8.21	1.79
91	-7.96	-1.21	-3.21
90	7.04	-6.21	-1.21
89	-5.96	0.79	-2.21
88	5.04	-7.21	0.79
87	0.04	4.79	-0.21
86	1.04	-1.21	0.79
85	2.04	-0.21	-1.21
84	-1.96	5.79	-2.21
83	9.04	-5.21	-0.21
82	-7.96	-0.21	0.79
81	11.04	-6.21	2.79
80	-11.96	4.79	-3.21
79	13.04	-7.21	2.79
78	-14.96	1.79	-2.21
77	17.04	-8.21	1.79
76	-14.96	6.79	-4.21
75	20.04	-2.21	6.79
74	-17.96	1.79	-3.21
73	18.04	-10.21	3.79
72	-16.96	2.79	-2.21
71	16.04	-8.21	1.79
70	-15.96	4.79	-4.21
69	16.04	-11.21	-1.21
68	-11.96	-19.21	-1.21
67	13.04	-0.21	0.79
66	-8.96	-6.21	-3.21
65	4.04	0.79	1.79
64	-3.96	3.79	-0.21
63	5.04	0.79	1.79
62	-2.96	4.79	-0.21
61	-0.96	-7.21	-1.21
60	0.04	5.79	-0.21
59	-1.96	-1.21	-2.21
58	7.04	0.79	-0.21
57	-7.96	5.79	-0.21
56	8.04	0.79	4.79
55	-9.96	6.79	-3.21
54	15.04	-7.21	2.79
53	-13.96	6.79	-3.21
52	18.04	2.79	3.79
51	-17.96	-3.21	-5.21
50	17.04	-11.21	0.79
49	-16.96	8.79	-4.21
48	18.04	-0.21	4.79
47	-16.96	-7.21	-1.21
46	15.04	-6.21	1.79
45	-16.96	9.79	-3.21
44	14.04	2.79	3.79
43	-14.96	1.79	-2.21
42	14.04	-7.21	2.79
41	-7.96	0.79	-0.21
40	5.04	-5.21	1.79
39	-4.96	-2.21	-1.21
38	5.04	-8.21	-1.21
37	-3.96	-5.21	-0.21
36	1.04	-1.21	-0.21
35	0.04	-4.21	-0.21
34	-1.96	-1.21	-1.21
33	6.04	-1.21	2.79
32	-5.96	2.79	-1.21
31	11.04	1.79	0.79
30	-10.96	-5.21	-3.21
29	11.04	-3.21	2.79
28	-13.96	6.79	-4.21
27	19.04	-0.21	2.79
26	-16.96	6.79	-3.21
25	19.04	-4.21	1.79
24	-17.96	9.79	-2.21
23	17.04	-10.21	1.79
22	-16.96	4.79	-5.21
21	14.04	1.79	2.79
20	-12.96	1.79	-3.21
19	17.04	-3.21	0.79
18	-12.96	-2.21	-4.21
17	12.04	2.79	0.79
16	-10.96	-9.21	-1.21
15	9.04	2.79	0.79
14	-6.96	3.79	-2.21
13	3.04	-10.21	1.79
12	-0.96	5.79	-3.21
11	0.04	-5.21	0.79
10	3.04	-2.21	-0.21
9	-0.96	2.79	-2.21
8	4.04	5.79	0.79
7	-8.96	-6.21	-2.21
6	12.04	1.79	-0.21
5	-10.96	-4.21	-5.21
4	13.04	-7.21	2.79
3	-16.96	-3.21	-2.21
2	17.04	-1.21	3.79
1	-15.96	-5.21	-5.21
0	16.04	-0.21	0.79
