	X	Y	Z
159	-1.21	-0.18	2.41
158	-0.21	2.82	-1.59
157	-2.21	3.82	-0.59
156	-0.21	2.82	1.41
155	-1.21	-11.18	-0.59
154	0.79	-2.18	1.41
153	-4.21	6.82	-1.59
152	1.79	0.82	0.41
151	-5.21	-4.18	0.41
150	3.79	1.82	-0.59
149	-2.21	-3.18	1.41
148	-0.21	-0.18	0.41
147	-2.21	-3.18	-1.59
146	2.79	-5.18	0.41
145	1.79	4.82	0.41
144	2.79	-9.18	0.41
143	-6.21	-1.18	3.41
142	2.79	-2.18	1.41
141	-4.21	-5.18	0.41
140	3.79	0.82	2.41
139	-2.21	8.82	-1.59
138	0.79	3.82	0.41
137	-3.21	4.82	1.41
136	3.79	-2.18	-0.59
135	-0.21	-4.18	-0.59
134	0.79	5.82	-0.59
133	0.79	5.82	0.41
132	0.79	3.82	-0.59
131	-1.21	1.82	-1.59
130	-2.21	-4.18	-0.59
129	3.79	2.82	1.41
128	-1.21	1.82	0.41
127	1.79	-10.18	-0.59
126	-4.21	-9.18	0.41
125	1.79	-7.18	-0.59
124	-4.21	2.82	1.41
123	5.79	0.82	1.41
122	-5.21	-3.18	-1.59
121	3.79	1.82	2.41
120	-2.21	-5.18	-1.59
119	1.79	-7.18	-1.59
118	-3.21	-2.18	-1.59
117	3.79	-0.18	1.41
116	-3.21	0.82	1.41
115	3.79	-0.18	1.41
114	-4.21	1.82	-0.59
113	7.79	-5.18	2.41
112	-0.21	-3.18	-0.59
111	2.79	-6.18	0.41
110	4.79	-5.18	1.41
109	1.79	-8.18	-2.59
108	7.79	0.82	0.41
107	-2.21	-2.18	-1.59
106	11.79	0.82	-1.59
105	-6.21	-0.18	-2.59
104	17.79	-0.18	3.41
103	-13.21	-2.18	1.41
102	23.79	-30.18	5.41
101	-12.21	5.82	-1.59
100	29.79	-8.18	4.41
99	-12.21	2.82	-2.59
98	29.79	-3.18	4.41
97	-10.21	4.82	0.41
96	27.79	-8.18	5.41
95	-8.21	3.82	1.41
94	24.79	5.82	5.41
93	-5.21	7.82	1.41
92	22.79	-4.18	6.41
91	-7.21	-2.18	0.41
90	11.79	3.82	3.41
89	-4.21	-3.18	1.41
88	4.79	-9.18	0.41
87	-3.21	0.82	-0.59
86	-1.21	-7.18	-1.59
85	1.79	-0.18	1.41
84	-4.21	1.82	-1.59
83	8.79	2.82	1.41
82	-10.21	5.82	-2.59
81	9.79	-9.18	0.41
80	-13.21	-2.18	-2.59
79	15.79	0.82	2.41
78	-18.21	7.82	-0.59
77	14.79	-6.18	3.41
76	-17.21	8.82	-5.59
75	18.79	-9.18	2.41
74	-18.21	5.82	-2.59
73	18.79	-4.18	0.41
72	-18.21	12.82	-4.59
71	19.79	0.82	2.41
70	-17.21	-2.18	-1.59
69	16.79	-10.18	0.41
68	-11.21	-1.18	-3.59
67	12.79	0.82	3.41
66	-8.21	-0.18	1.41
65	6.79	2.82	1.41
64	-6.21	6.82	0.41
63	4.79	-3.18	-2.59
62	1.79	2.82	-1.59
61	-2.21	3.82	-0.59
60	1.79	2.82	2.41
59	-7.21	-2.18	1.41
58	9.79	0.82	3.41
57	-7.21	-1.18	-2.59
56	8.79	-9.18	2.41
55	-14.21	3.82	-4.59
54	15.79	1.82	5.41
53	-15.21	-4.18	-5.59
52	16.79	-8.18	3.41
51	-16.21	8.82	-1.59
50	18.79	-0.18	1.41
49	-19.21	3.82	-1.59
48	15.79	-9.18	3.41
47	-17.21	6.82	-2.59
46	15.79	-1.18	5.41
45	-16.21	-1.18	-3.59
44	12.79	-8.18	3.41
43	-11.21	1.82	-2.59
42	9.79	-4.18	4.41
41	-8.21	7.82	-2.59
40	7.79	-1.18	2.41
39	-5.21	5.82	-1.59
38	5.79	-6.18	1.41
37	-2.21	2.82	-1.59
36	0.79	2.82	0.41
35	3.79	5.82	2.41
34	-4.21	1.82	-0.59
33	6.79	3.82	1.41
32	-7.21	-3.18	-1.59
31	11.79	-4.18	2.41
30	-12.21	5.82	-0.59
29	14.79	-11.18	1.41
28	-17.21	1.82	-2.59
27	15.79	-6.18	4.41
26	-18.21	7.82	-2.59
25	16.79	-8.18	6.41
24	-17.21	5.82	-3.59
23	18.79	-9.18	3.41
22	-17.21	-23.18	-2.59
21	19.79	0.82	5.41
20	-14.21	6.82	-5.59
19	13.79	0.82	1.41
18	-9.21	-2.18	-2.59
17	9.79	-8.18	1.41
16	-7.21	0.82	-2.59
15	4.79	-3.18	2.41
14	-5.21	6.82	-0.59
13	1.79	2.82	4.41
12	-0.21	-5.18	-1.59
11	1.79	-2.18	0.41
10	2.79	2.82	-0.59
9	-5.21	3.82	3.41
8	5.79	-3.18	2.41
7	-9.21	-1.18	-2.59
6	8.79	1.82	1.41
5	-12.21	-3.18	-2.59
4	15.79	-6.18	3.41
3	-17.21	-6.18	-1.59
2	15.79	-6.18	5.41
1	-16.21	9.82	-2.59
0	17.79	-13.18	2.41
