	X	Y	Z
159	-3.31	8.64	2.4
158	2.69	2.64	0.4
157	1.69	-0.36	-0.6
156	-2.31	1.64	-0.6
155	0.69	-0.36	0.4
154	-1.31	7.64	-1.6
153	-0.31	2.64	0.4
152	-3.31	5.64	0.4
151	-1.31	5.64	-1.6
150	-0.31	4.64	0.4
149	-2.31	4.64	0.4
148	1.69	6.64	-0.6
147	-0.31	-0.36	-1.6
146	1.69	3.64	-0.6
145	-1.31	-0.36	-1.6
144	1.69	-2.36	-0.6
143	-1.31	-6.36	-0.6
142	-0.31	1.64	0.4
141	-4.31	-6.36	2.4
140	0.69	1.64	-1.6
139	-4.31	-5.36	-2.6
138	2.69	-7.36	-0.6
137	-4.31	2.64	-1.6
136	1.69	1.64	3.4
135	-7.31	3.64	-2.6
134	3.69	-10.36	0.4
133	-8.31	7.64	-1.6
132	4.69	1.64	-1.6
131	-8.31	7.64	0.4
130	1.69	-5.36	-0.6
129	-4.31	-5.36	-1.6
128	-3.31	-5.36	-1.6
127	-1.31	-5.36	1.4
126	-6.31	7.64	1.4
125	3.69	-1.36	0.4
124	-12.31	-3.36	-2.6
123	5.69	-4.36	1.4
122	-15.31	6.64	0.4
121	10.69	-5.36	0.4
120	-24.31	4.64	-4.6
119	16.69	-13.36	4.4
118	-28.31	0.64	-5.6
117	24.69	-15.36	4.4
116	-28.31	9.64	-5.6
115	20.69	-12.36	3.4
114	-20.31	10.64	-2.6
113	15.69	-3.36	4.4
112	-15.31	2.64	-0.6
111	12.69	-4.36	2.4
110	-13.31	-1.36	-4.6
109	10.69	1.64	2.4
108	-9.31	-1.36	-1.6
107	4.69	5.64	1.4
106	-5.31	2.64	-0.6
105	-0.31	4.64	3.4
104	-1.31	0.64	-2.6
103	-1.31	2.64	1.4
102	1.69	7.64	2.4
101	-7.31	3.64	-3.6
100	5.69	5.64	1.4
99	-9.31	-2.36	-2.6
98	11.69	-4.36	2.4
97	-13.31	6.64	-3.6
96	16.69	5.64	1.4
95	-17.31	9.64	-1.6
94	14.69	-7.36	4.4
93	-17.31	3.64	-4.6
92	18.69	-3.36	5.4
91	-18.31	3.64	-2.6
90	15.69	0.64	4.4
89	-19.31	7.64	-4.6
88	13.69	-8.36	2.4
87	-19.31	-3.36	-6.6
86	10.69	-3.36	3.4
85	-13.31	7.64	-1.6
84	9.69	2.64	0.4
83	-8.31	1.64	-0.6
82	3.69	3.64	2.4
81	-4.31	4.64	-3.6
80	5.69	1.64	-2.6
79	-0.31	-0.36	0.4
78	-2.31	-3.36	0.4
77	1.69	-0.36	1.4
76	-3.31	-3.36	-2.6
75	6.69	-3.36	2.4
74	-11.31	-6.36	-0.6
73	10.69	-0.36	2.4
72	-18.31	-2.36	-1.6
71	15.69	-6.36	6.4
70	-16.31	7.64	-3.6
69	19.69	-5.36	3.4
68	-16.31	-1.36	-0.6
67	17.69	-8.36	3.4
66	-17.31	-1.36	-0.6
65	19.69	-6.36	5.4
64	-17.31	7.64	-2.6
63	12.69	-10.36	2.4
62	-15.31	2.64	-1.6
61	12.69	1.64	3.4
60	-11.31	-0.36	0.4
59	9.69	-2.36	-1.6
58	-10.31	-1.36	-1.6
57	5.69	1.64	0.4
56	-6.31	-1.36	0.4
55	2.69	-6.36	-1.6
54	-4.31	-0.36	-1.6
53	-1.31	-1.36	2.4
52	1.69	-2.36	3.4
51	-6.31	-5.36	-0.6
50	5.69	-6.36	-0.6
49	-8.31	-0.36	-2.6
48	10.69	-8.36	3.4
47	-16.31	4.64	-3.6
46	15.69	4.64	2.4
45	-15.31	3.64	-3.6
44	17.69	0.64	3.4
43	-22.31	-2.36	-3.6
42	19.69	-2.36	3.4
41	-18.31	-0.36	-5.6
40	14.69	-4.36	3.4
39	-17.31	2.64	-2.6
38	12.69	-0.36	6.4
37	-14.31	7.64	-2.6
36	9.69	-6.36	4.4
35	-11.31	7.64	-3.6
34	9.69	1.64	1.4
33	-8.31	-2.36	-0.6
32	5.69	-1.36	1.4
31	-5.31	-5.36	-1.6
30	-0.31	-6.36	1.4
29	-2.31	-5.36	1.4
28	-4.31	3.64	0.4
27	3.69	4.64	0.4
26	-5.31	3.64	0.4
25	7.69	0.64	2.4
24	-11.31	-0.36	-1.6
23	13.69	1.64	1.4
22	-15.31	5.64	-1.6
21	14.69	1.64	2.4
20	-16.31	5.64	-1.6
19	16.69	2.64	5.4
18	-18.31	-3.36	-0.6
17	17.69	-2.36	1.4
16	-17.31	-1.36	-0.6
15	17.69	-9.36	2.4
14	-14.31	1.64	-2.6
13	13.69	-2.36	5.4
12	-17.31	-1.36	-2.6
11	10.69	0.64	4.4
10	-13.31	2.64	-0.6
9	9.69	2.64	3.4
8	-8.31	-4.36	-3.6
7	5.69	-1.36	1.4
6	-6.31	1.64	-2.6
5	2.69	-2.36	1.4
4	-1.31	-2.36	1.4
3	-2.31	0.64	1.4
2	1.69	-1.36	2.4
1	-8.31	7.64	-0.6
0	8.69	1.64	3.4
