	X	Y	Z
499	20.46	1.54	2.37
498	-21.54	7.54	-3.63
497	-17.54	-0.46	-4.63
496	16.46	-10.46	3.37
495	-17.54	2.54	-2.63
494	14.46	-3.46	4.37
493	-15.54	8.54	-4.63
492	12.46	1.54	3.37
491	-9.54	1.54	-4.63
490	11.46	-7.46	3.37
489	-10.54	-6.46	-1.63
488	7.46	-2.46	2.37
487	-3.54	-1.46	0.37
486	2.46	-3.46	2.37
485	-3.54	0.54	-2.63
484	0.46	-6.46	-0.63
483	1.46	4.54	1.37
482	-6.54	-1.46	-2.63
481	5.46	4.54	1.37
480	-7.54	1.54	-0.63
479	9.46	-7.46	-0.63
478	-15.54	6.54	-2.63
477	14.46	0.54	2.37
476	-15.54	3.54	-4.63
475	17.46	3.54	3.37
474	-16.54	7.54	-3.63
473	19.46	-0.46	2.37
472	-16.54	-2.46	-2.63
471	18.46	-12.46	4.37
470	-15.54	5.54	-4.63
469	18.46	-0.46	0.37
468	-14.54	2.54	1.37
467	14.46	-2.46	3.37
466	-11.54	7.54	-3.63
465	10.46	-6.46	4.37
464	-6.54	8.54	-0.63
463	5.46	-5.46	0.37
462	-6.54	1.54	0.37
461	5.46	4.54	-0.63
460	-3.54	7.54	2.37
459	1.46	1.54	-0.63
458	1.46	-3.46	-1.63
457	-4.54	-0.46	-0.63
456	6.46	4.54	1.37
455	-6.54	-7.46	-1.63
454	10.46	2.54	0.37
453	-12.54	-8.46	-1.63
452	14.46	-5.46	5.37
451	-13.54	5.54	0.37
450	16.46	-0.46	5.37
449	-17.54	-1.46	-5.63
448	19.46	-1.46	1.37
447	-18.54	10.54	-4.63
446	18.46	-3.46	4.37
445	-18.54	7.54	-2.63
444	17.46	-0.46	0.37
443	-13.54	2.54	-2.63
442	13.46	2.54	3.37
441	-12.54	4.54	-1.63
440	9.46	1.54	3.37
439	-8.54	6.54	-2.63
438	8.46	-2.46	3.37
437	-5.54	5.54	-1.63
436	3.46	-2.46	-1.63
435	-3.54	-4.46	0.37
434	-0.54	1.54	-0.63
433	2.46	3.54	0.37
432	-4.54	-0.46	1.37
431	7.46	-8.46	1.37
430	-8.54	-5.46	-0.63
429	10.46	3.54	0.37
428	-11.54	-4.46	-2.63
427	6.46	-1.46	-0.63
426	1.46	5.54	-1.63
425	-0.54	-6.46	0.37
424	1.46	-0.46	3.37
423	-0.54	-0.46	0.37
422	0.46	-4.46	0.37
421	-1.54	-5.46	1.37
420	-0.54	3.54	1.37
419	0.46	-5.46	-1.63
418	0.46	4.54	0.37
417	-0.54	4.54	0.37
416	0.46	5.54	2.37
415	0.46	-10.46	-1.63
414	3.46	5.54	3.37
413	-0.54	2.54	-1.63
412	-0.54	-4.46	0.37
411	-1.54	-1.46	-1.63
410	0.46	1.54	0.37
409	1.46	3.54	0.37
408	-1.54	4.54	-1.63
407	-0.54	3.54	2.37
406	0.46	-4.46	-0.63
405	0.46	-1.46	0.37
404	-0.54	-5.46	0.37
403	-0.54	-3.46	0.37
402	2.46	3.54	0.37
401	0.46	-6.46	1.37
400	0.46	6.54	-1.63
399	-0.54	7.54	0.37
398	0.46	2.54	1.37
397	-2.54	1.54	-0.63
396	-0.54	3.54	2.37
395	0.46	3.54	1.37
394	-0.54	5.54	-0.63
393	0.46	-2.46	1.37
392	0.46	1.54	-2.63
391	-0.54	-5.46	-1.63
390	2.46	-1.46	-0.63
389	2.46	-0.46	-1.63
388	-2.54	-3.46	3.37
387	-0.54	-3.46	-0.63
386	0.46	-4.46	-0.63
385	-0.54	3.54	1.37
384	1.46	-0.46	1.37
383	-2.54	5.54	1.37
382	0.46	-7.46	0.37
381	-2.54	-24.46	1.37
380	0.46	1.54	-0.63
379	2.46	-1.46	0.37
378	1.46	-2.46	1.37
377	-0.54	6.54	1.37
376	0.46	-3.46	-2.63
375	-2.54	4.54	1.37
374	-0.54	3.54	1.37
373	-1.54	-2.46	1.37
372	2.46	-5.46	0.37
371	-1.54	5.54	0.37
370	2.46	-5.46	1.37
369	-1.54	4.54	-1.63
368	-3.54	-9.46	-0.63
367	2.46	3.54	1.37
366	0.46	-20.46	0.37
365	0.46	-7.46	0.37
364	-1.54	-2.46	1.37
363	-0.54	-2.46	-1.63
362	0.46	6.54	1.37
361	-0.54	1.54	1.37
360	-0.54	4.54	-2.63
359	-0.54	-6.46	-0.63
358	0.46	-4.46	2.37
357	1.46	-1.46	0.37
356	-0.54	5.54	1.37
355	1.46	3.54	-0.63
354	-0.54	2.54	1.37
353	0.46	-6.46	0.37
352	-0.54	5.54	0.37
351	-2.54	2.54	-0.63
350	-1.54	0.54	-2.63
349	0.46	-3.46	1.37
348	0.46	-6.46	1.37
347	1.46	6.54	-0.63
346	-0.54	4.54	-0.63
345	-0.54	6.54	-1.63
344	0.46	3.54	1.37
343	-1.54	3.54	0.37
342	-0.54	5.54	1.37
341	-1.54	-2.46	2.37
340	-0.54	0.54	0.37
339	1.46	1.54	-0.63
338	-1.54	5.54	-0.63
337	0.46	-5.46	0.37
336	-0.54	2.54	-0.63
335	-1.54	1.54	0.37
334	0.46	-3.46	0.37
333	-1.54	4.54	1.37
332	1.46	3.54	1.37
331	0.46	0.54	1.37
330	-2.54	4.54	1.37
329	-0.54	3.54	1.37
328	-0.54	-2.46	-0.63
327	-1.54	-4.46	0.37
326	-0.54	0.54	-2.63
325	1.46	7.54	-0.63
324	-1.54	-5.46	1.37
323	1.46	-4.46	1.37
322	-0.54	-4.46	-0.63
321	-2.54	0.54	1.37
320	0.46	4.54	-2.63
319	1.46	-7.46	-0.63
318	-0.54	-0.46	-0.63
317	-1.54	0.54	-2.63
316	0.46	-1.46	-0.63
315	-1.54	-5.46	-1.63
314	-0.54	3.54	0.37
313	-0.54	4.54	2.37
312	0.46	3.54	0.37
311	-2.54	-2.46	0.37
310	-1.54	-4.46	0.37
309	3.46	4.54	-0.63
308	-2.54	2.54	0.37
307	-0.54	-6.46	0.37
306	-0.54	2.54	0.37
305	1.46	5.54	2.37
304	1.46	-4.46	-0.63
303	0.46	6.54	-1.63
302	-1.54	6.54	-0.63
301	0.46	5.54	-2.63
300	-0.54	-5.46	0.37
299	2.46	2.54	0.37
298	1.46	2.54	0.37
297	-0.54	-0.46	-3.63
296	0.46	-4.46	2.37
295	1.46	-3.46	-2.63
294	-0.54	3.54	-2.63
293	1.46	7.54	0.37
292	-2.54	-1.46	1.37
291	-1.54	-1.46	2.37
290	16.46	-7.46	4.37
289	-2.54	-1.46	-2.63
288	4.46	-5.46	-0.63
287	-3.54	8.54	-0.63
286	3.46	3.54	-1.63
285	-2.54	-4.46	2.37
284	2.46	-6.46	-1.63
283	0.46	-3.46	2.37
282	0.46	-1.46	1.37
281	1.46	-3.46	-0.63
280	1.46	4.54	-0.63
279	0.46	0.54	0.37
278	-0.54	-4.46	1.37
277	0.46	3.54	2.37
276	-0.54	6.54	-0.63
275	4.46	-2.46	4.37
274	-3.54	7.54	-2.63
273	2.46	5.54	0.37
272	-5.54	5.54	-0.63
271	7.46	3.54	1.37
270	-20.54	10.54	-6.63
269	7.46	-1.46	0.37
268	-25.54	3.54	-6.63
267	6.46	3.54	-0.63
266	-25.54	9.54	-5.63
265	8.46	-3.46	2.37
264	-13.54	4.54	0.37
263	8.46	2.54	1.37
262	-10.54	8.54	0.37
261	2.46	-5.46	0.37
260	-4.54	3.54	-0.63
259	1.46	2.54	0.37
258	0.46	-2.46	-1.63
257	-3.54	6.54	-0.63
256	5.46	8.54	0.37
255	-6.54	-3.46	-4.63
254	11.46	2.54	0.37
253	-12.54	2.54	-1.63
252	14.46	3.54	1.37
251	-16.54	10.54	-2.63
250	15.46	1.54	1.37
249	-20.54	-1.46	-3.63
248	17.46	2.54	2.37
247	-17.54	10.54	-1.63
246	20.46	-1.46	2.37
245	-18.54	8.54	-2.63
244	17.46	3.54	3.37
243	-14.54	-2.46	-3.63
242	13.46	-2.46	3.37
241	-14.54	4.54	-2.63
240	10.46	0.54	4.37
239	-10.54	-2.46	0.37
238	5.46	-0.46	3.37
237	-5.54	-1.46	-1.63
236	4.46	-5.46	1.37
235	-4.54	-2.46	-0.63
234	1.46	4.54	0.37
233	-0.54	-3.46	1.37
232	-4.54	-5.46	-1.63
231	4.46	4.54	1.37
230	-8.54	2.54	-2.63
229	9.46	-1.46	2.37
228	-13.54	6.54	-1.63
227	12.46	1.54	1.37
226	-13.54	-1.46	-2.63
225	17.46	-8.46	3.37
224	-18.54	11.54	-1.63
223	17.46	2.54	3.37
222	-15.54	10.54	-1.63
221	18.46	-6.46	-0.63
220	-21.54	12.54	-4.63
219	17.46	2.54	1.37
218	-13.54	-0.46	-2.63
217	13.46	-9.46	4.37
216	-14.54	8.54	-1.63
215	12.46	-0.46	3.37
214	-7.54	-0.46	-1.63
213	8.46	-2.46	1.37
212	-4.54	-2.46	-4.63
211	4.46	4.54	0.37
210	-1.54	-4.46	-0.63
209	0.46	-1.46	-1.63
208	-0.54	-5.46	2.37
207	-3.54	3.54	1.37
206	6.46	5.54	1.37
205	-5.54	3.54	-1.63
204	10.46	0.54	3.37
203	-9.54	-0.46	-4.63
202	15.46	3.54	3.37
201	-13.54	2.54	-2.63
200	15.46	0.54	0.37
199	-19.54	8.54	-4.63
198	19.46	1.54	3.37
197	-18.54	8.54	-1.63
196	19.46	-4.46	3.37
195	-18.54	2.54	-2.63
194	18.46	-0.46	3.37
193	-16.54	-3.46	-2.63
192	15.46	-9.46	4.37
191	-14.54	2.54	-3.63
190	11.46	4.54	2.37
189	-8.54	7.54	-1.63
188	6.46	3.54	2.37
187	-6.54	9.54	-0.63
186	3.46	-6.46	-1.63
185	-1.54	6.54	0.37
184	0.46	5.54	-0.63
183	1.46	-2.46	1.37
182	-1.54	-7.46	-0.63
181	3.46	7.54	2.37
180	-7.54	-5.46	-3.63
179	11.46	-5.46	-0.63
178	-12.54	4.54	-1.63
177	16.46	1.54	2.37
176	-14.54	6.54	-4.63
175	14.46	-7.46	5.37
174	-16.54	8.54	-7.63
173	17.46	3.54	3.37
172	-19.54	4.54	-4.63
171	20.46	3.54	2.37
170	-18.54	7.54	-4.63
169	16.46	-4.46	2.37
168	-14.54	1.54	-2.63
167	15.46	1.54	4.37
166	-14.54	3.54	-2.63
165	10.46	-1.46	2.37
164	-7.54	7.54	-2.63
163	9.46	-5.46	3.37
162	-9.54	-1.46	-1.63
161	3.46	-5.46	2.37
160	-1.54	2.54	0.37
159	4.46	4.54	-0.63
158	0.46	7.54	-3.63
157	-3.54	0.54	-1.63
156	3.46	6.54	1.37
155	-7.54	-3.46	-2.63
154	9.46	0.54	0.37
153	-10.54	8.54	-3.63
152	13.46	-7.46	3.37
151	-14.54	3.54	0.37
150	14.46	-5.46	0.37
149	-15.54	-1.46	-4.63
148	16.46	-8.46	3.37
147	-19.54	9.54	-4.63
146	16.46	-1.46	2.37
145	-19.54	2.54	-5.63
144	17.46	2.54	5.37
143	-15.54	-2.46	-1.63
142	15.46	0.54	0.37
141	-14.54	5.54	-1.63
140	12.46	-7.46	0.37
139	-9.54	11.54	-2.63
138	8.46	2.54	4.37
137	-7.54	-1.46	-2.63
136	4.46	-1.46	1.37
135	-6.54	1.54	-2.63
134	0.46	-7.46	0.37
133	1.46	5.54	0.37
132	-2.54	-0.46	-1.63
131	5.46	5.54	0.37
130	-7.54	-0.46	-0.63
129	9.46	1.54	1.37
128	-11.54	6.54	-0.63
127	13.46	-2.46	3.37
126	-15.54	5.54	-4.63
125	17.46	-2.46	2.37
124	-16.54	3.54	-2.63
123	19.46	1.54	4.37
122	-18.54	5.54	-1.63
121	16.46	-8.46	3.37
120	-18.54	2.54	-0.63
119	17.46	-2.46	1.37
118	-13.54	0.54	-4.63
117	14.46	3.54	4.37
116	-12.54	5.54	-2.63
115	11.46	2.54	2.37
114	-9.54	7.54	-4.63
113	6.46	4.54	3.37
112	-6.54	8.54	-1.63
111	1.46	-8.46	-1.63
110	-3.54	5.54	1.37
109	-1.54	4.54	-0.63
108	-0.54	5.54	1.37
107	-3.54	3.54	-0.63
106	2.46	-1.46	1.37
105	-4.54	4.54	-2.63
104	12.46	-7.46	4.37
103	-11.54	5.54	-4.63
102	15.46	-7.46	5.37
101	-12.54	1.54	-2.63
100	17.46	3.54	5.37
99	-19.54	2.54	-3.63
98	15.46	3.54	6.37
97	-17.54	0.54	-4.63
96	19.46	-5.46	5.37
95	-18.54	2.54	-4.63
94	15.46	-3.46	5.37
93	-15.54	3.54	-0.63
92	16.46	1.54	0.37
91	-13.54	8.54	-2.63
90	12.46	4.54	3.37
89	-9.54	2.54	-1.63
88	7.46	2.54	0.37
87	-7.54	3.54	-1.63
86	5.46	-0.46	2.37
85	-1.54	3.54	-0.63
84	0.46	-11.46	0.37
83	2.46	-3.46	-0.63
82	-3.54	-0.46	0.37
81	3.46	0.54	-1.63
80	-7.54	6.54	0.37
79	11.46	4.54	3.37
78	-13.54	-3.46	-2.63
77	14.46	4.54	1.37
76	-13.54	2.54	-3.63
75	16.46	-6.46	4.37
74	-18.54	6.54	-1.63
73	14.46	-2.46	3.37
72	-15.54	3.54	-5.63
71	-1.54	0.54	0.37
70	2.46	8.54	0.37
69	-1.54	-6.46	0.37
68	1.46	7.54	-0.63
67	0.46	3.54	1.37
66	1.46	-1.46	-1.63
65	-2.54	-8.46	0.37
64	1.46	6.54	0.37
63	-2.54	-1.46	-1.63
62	-0.54	2.54	0.37
61	3.46	-6.46	-1.63
60	0.46	3.54	3.37
59	-1.54	0.54	-0.63
58	-1.54	2.54	2.37
57	-0.54	-4.46	-0.63
56	-1.54	-0.46	1.37
55	0.46	1.54	-0.63
54	-1.54	9.54	0.37
53	-0.54	6.54	-0.63
52	0.46	-6.46	-0.63
51	-2.54	5.54	-0.63
50	-2.54	3.54	-1.63
49	-1.54	4.54	0.37
48	-1.54	8.54	0.37
47	-0.54	-2.46	0.37
46	-1.54	5.54	1.37
45	-0.54	-6.46	-0.63
44	2.46	-5.46	2.37
43	2.46	5.54	-0.63
42	2.46	2.54	-2.63
41	-0.54	6.54	2.37
40	2.46	-4.46	-2.63
39	-1.54	1.54	2.37
38	1.46	3.54	2.37
37	1.46	7.54	2.37
36	1.46	-3.46	1.37
35	0.46	-7.46	-1.63
34	0.46	-2.46	1.37
33	-0.54	6.54	2.37
32	-1.54	2.54	-2.63
31	0.46	-3.46	0.37
30	0.46	-0.46	-3.63
29	-0.54	-2.46	-1.63
28	-3.54	-5.46	2.37
27	0.46	-7.46	0.37
26	-0.54	-3.46	-0.63
25	-0.54	-4.46	-0.63
24	1.46	-5.46	1.37
23	1.46	-5.46	-0.63
22	-1.54	-0.46	-0.63
21	-2.54	3.54	2.37
20	1.46	0.54	-0.63
19	2.46	-0.46	1.37
18	1.46	4.54	-0.63
17	-0.54	-0.46	0.37
16	-0.54	3.54	1.37
15	1.46	-2.46	-2.63
14	2.46	-2.46	0.37
13	-0.54	0.54	-1.63
12	1.46	-1.46	-0.63
11	1.46	-8.46	-0.63
10	-2.54	-4.46	2.37
9	-0.54	-0.46	-2.63
8	0.46	4.54	-1.63
7	-1.54	-3.46	0.37
6	-0.54	-5.46	0.37
5	-1.54	4.54	-1.63
4	-1.54	-23.46	0.37
3	-0.54	-4.46	-0.63
2	-0.54	-1.46	-0.63
1	-2.54	7.54	-0.63
0	2.46	-4.46	-1.63
