	X	Y	Z
100	-1.14	1.65	-0.24
99	-0.14	0.65	-0.24
98	0.86	2.65	-1.24
97	4.86	-7.35	0.76
96	1.86	2.65	1.76
95	2.86	0.65	-2.24
94	-0.14	-4.35	-0.24
93	-0.14	-5.35	-2.24
92	-1.14	0.65	-0.24
91	-0.14	0.65	0.76
90	1.86	1.65	-3.24
89	-0.14	-5.35	-0.24
88	0.86	3.65	2.76
87	-0.14	-15.35	-0.24
86	0.86	-2.35	0.76
85	0.86	0.65	-0.24
84	-1.14	-0.35	1.76
83	-1.14	-11.35	-0.24
82	0.86	0.65	-2.24
81	-0.14	-6.35	0.76
80	0.86	0.65	-0.24
79	0.86	0.65	-0.24
78	-0.14	-2.35	-2.24
77	0.86	3.65	1.76
76	-2.14	0.65	2.76
75	-0.14	3.65	-1.24
74	0.86	-5.35	1.76
73	-2.14	2.65	-1.24
72	-0.14	-0.35	2.76
71	-0.14	0.65	-0.24
70	0.86	3.65	-1.24
69	-0.14	5.65	-2.24
68	-2.14	1.65	-2.24
67	-1.14	3.65	0.76
66	0.86	-4.35	-1.24
65	-1.14	4.65	1.76
64	-1.14	0.65	-3.24
63	-3.14	2.65	0.76
62	2.86	0.65	-2.24
61	0.86	1.65	-0.24
60	-1.14	2.65	0.76
59	0.86	-5.35	-0.24
58	0.86	-2.35	-1.24
57	1.86	0.65	1.76
56	-1.14	1.65	-0.24
55	1.86	0.65	-2.24
54	-1.14	0.65	-0.24
53	-0.14	2.65	-1.24
52	-1.14	2.65	-0.24
51	0.86	2.65	0.76
50	-0.14	4.65	-3.24
49	-2.14	2.65	-0.24
48	-0.14	-1.35	0.76
47	-2.14	-1.35	0.76
46	0.86	-5.35	2.76
45	0.86	2.65	-0.24
44	-0.14	-3.35	-1.24
43	-2.14	2.65	-2.24
42	1.86	-5.35	0.76
41	-0.14	2.65	-1.24
40	-0.14	1.65	-0.24
39	-0.14	1.65	-1.24
38	-0.14	-5.35	-1.24
37	-1.14	0.65	-0.24
36	0.86	1.65	3.76
35	-0.14	-0.35	0.76
34	-0.14	-7.35	0.76
33	-1.14	1.65	-0.24
32	-2.14	1.65	-0.24
31	-2.14	-4.35	-0.24
30	-0.14	2.65	-0.24
29	0.86	-4.35	-1.24
28	1.86	1.65	-1.24
27	-2.14	0.65	-2.24
26	2.86	1.65	2.76
25	-0.14	-4.35	1.76
24	0.86	2.65	-0.24
23	1.86	0.65	0.76
22	-1.14	3.65	0.76
21	2.86	3.65	1.76
20	-1.14	-5.35	0.76
19	-1.14	-1.35	-0.24
18	-1.14	-1.35	-3.24
17	0.86	-13.35	0.76
16	1.86	-6.35	-0.24
15	1.86	2.65	0.76
14	-1.14	0.65	1.76
13	-3.14	1.65	-0.24
12	-0.14	-2.35	0.76
11	-0.14	-4.35	3.76
10	-1.14	0.65	-0.24
9	0.86	-4.35	0.76
8	0.86	2.65	-0.24
7	-1.14	4.65	1.76
6	-1.14	2.65	0.76
5	1.86	-0.35	-0.24
4	-1.14	3.65	-0.24
3	-0.14	5.65	1.76
2	1.86	2.65	0.76
1	3.86	-1.35	-3.24
0	-1.14	4.65	0.76
