	X	Y	Z
100	0.9	4.77	-0.96
99	-3.1	1.77	-0.96
98	-2.1	-3.23	1.04
97	0.9	-5.23	0.04
96	-4.1	6.77	3.04
95	4.9	5.77	0.04
94	-4.1	-0.23	-1.96
93	0.9	1.77	-2.96
92	-3.1	-4.23	-0.96
91	5.9	2.77	1.04
90	-7.1	-0.23	1.04
89	3.9	-0.23	0.04
88	-3.1	6.77	-0.96
87	2.9	-3.23	0.04
86	-5.1	4.77	-0.96
85	1.9	-1.23	-1.96
84	-3.1	-0.23	0.04
83	-0.1	5.77	-3.96
82	-0.1	3.77	1.04
81	0.9	0.77	-0.96
80	1.9	6.77	-0.96
79	-2.1	6.77	0.04
78	1.9	4.77	0.04
77	-2.1	5.77	-0.96
76	4.9	2.77	1.04
75	-2.1	-5.23	2.04
74	2.9	-1.23	0.04
73	-3.1	4.77	-0.96
72	-0.1	-0.23	0.04
71	-5.1	-4.23	-0.96
70	5.9	-5.23	-1.96
69	-3.1	0.77	2.04
68	3.9	5.77	-0.96
67	-8.1	8.77	-1.96
66	2.9	-4.23	-1.96
65	-3.1	4.77	0.04
64	3.9	0.77	1.04
63	-2.1	5.77	0.04
62	0.9	4.77	-1.96
61	-3.1	8.77	-1.96
60	-2.1	1.77	-0.96
59	-3.1	-0.23	1.04
58	1.9	-2.23	1.04
57	-2.1	-1.23	-0.96
56	-0.1	0.77	0.04
55	0.9	-6.23	0.04
54	-2.1	-0.23	0.04
53	0.9	-4.23	1.04
52	-3.1	-1.23	-2.96
51	3.9	2.77	-1.96
50	-1.1	4.77	-0.96
49	3.9	-8.23	-1.96
48	-4.1	-0.23	0.04
47	3.9	6.77	-0.96
46	-5.1	5.77	0.04
45	2.9	-0.23	2.04
44	-2.1	6.77	-1.96
43	2.9	-10.23	-0.96
42	-7.1	-2.23	-0.96
41	2.9	-2.23	1.04
40	-0.1	6.77	-0.96
39	2.9	-3.23	0.04
38	-2.1	-0.23	-1.96
37	2.9	-4.23	1.04
36	-1.1	-2.23	1.04
35	1.9	-2.23	-1.96
34	0.9	-2.23	1.04
33	-0.1	-0.23	-0.96
32	-2.1	1.77	3.04
31	0.9	2.77	-0.96
30	-2.1	2.77	-0.96
29	-0.1	1.77	0.04
28	1.9	-2.23	2.04
27	-3.1	-7.23	-1.96
26	2.9	4.77	-0.96
25	-2.1	5.77	1.04
24	5.9	6.77	0.04
23	-4.1	4.77	-0.96
22	7.9	2.77	-0.96
21	-4.1	2.77	-0.96
20	4.9	-4.23	0.04
19	-5.1	-4.23	1.04
18	6.9	-5.23	0.04
17	-4.1	4.77	-0.96
16	3.9	2.77	-1.96
15	-3.1	5.77	-0.96
14	4.9	-2.23	0.04
13	-3.1	3.77	-0.96
12	-1.1	-4.23	1.04
11	-3.1	0.77	-0.96
10	2.9	3.77	0.04
9	-1.1	5.77	1.04
8	-1.1	2.77	-1.96
7	-0.1	7.77	1.04
6	-0.1	4.77	0.04
5	-0.1	-3.23	0.04
4	-1.1	-1.23	-1.96
3	1.9	1.77	0.04
2	-0.1	4.77	0.04
1	2.9	-4.23	-2.96
0	-3.1	-0.23	0.04
