	X	Y	Z
159	-0.45	3.24	-1.02
158	1.55	7.24	-2.02
157	0.55	0.24	-0.02
156	-2.45	-4.76	1.98
155	5.55	-1.76	0.98
154	-2.45	2.24	-1.02
153	2.55	-3.76	0.98
152	-3.45	-5.76	-1.02
151	5.55	-6.76	-0.02
150	-1.45	5.24	1.98
149	3.55	4.24	-2.02
148	-0.45	-2.76	1.98
147	3.55	-3.76	0.98
146	-2.45	-5.76	-0.02
145	2.55	-2.76	-0.02
144	-5.45	2.24	-0.02
143	3.55	2.24	-3.02
142	-4.45	-5.76	0.98
141	4.55	0.24	-3.02
140	0.55	3.24	-0.02
139	1.55	-8.76	-3.02
138	-0.45	-2.76	1.98
137	-0.45	-1.76	-0.02
136	-0.45	-2.76	-1.02
135	1.55	1.24	-3.02
134	1.55	9.24	-0.02
133	-2.45	-4.76	-2.02
132	0.55	4.24	-3.02
131	-0.45	-4.76	0.98
130	4.55	-0.76	-1.02
129	0.55	5.24	-2.02
128	3.55	-9.76	1.98
127	-2.45	-8.76	2.98
126	5.55	5.24	-0.02
125	-0.45	3.24	-1.02
124	2.55	-7.76	-1.02
123	-4.45	7.24	0.98
122	4.55	-0.76	-0.02
121	-2.45	-2.76	-1.02
120	3.55	-5.76	-2.02
119	-0.45	-4.76	-1.02
118	4.55	5.24	-1.02
117	-2.45	0.24	-0.02
116	0.55	3.24	0.98
115	-3.45	-0.76	0.98
114	3.55	2.24	-1.02
113	-1.45	-1.76	-0.02
112	0.55	-6.76	-2.02
111	3.55	-5.76	1.98
110	-1.45	-0.76	-1.02
109	3.55	-3.76	0.98
108	2.55	-0.76	-2.02
107	6.55	3.24	-1.02
106	-3.45	-2.76	1.98
105	3.55	-0.76	-3.02
104	-2.45	0.24	1.98
103	5.55	5.24	-1.02
102	-3.45	-2.76	0.98
101	2.55	-6.76	-1.02
100	-5.45	3.24	1.98
99	4.55	1.24	-0.02
98	-2.45	-0.76	-1.02
97	2.55	3.24	-0.02
96	-2.45	-0.76	0.98
95	5.55	-1.76	0.98
94	-1.45	0.24	1.98
93	0.55	5.24	-0.02
92	0.55	-0.76	1.98
91	2.55	4.24	-0.02
90	-1.45	-1.76	-1.02
89	1.55	-4.76	-3.02
88	-0.45	5.24	2.98
87	2.55	-1.76	-1.02
86	-0.45	0.24	-1.02
85	2.55	-3.76	-1.02
84	3.55	3.24	-1.02
83	-1.45	-4.76	-0.02
82	4.55	-4.76	-0.02
81	-2.45	-1.76	-0.02
80	4.55	3.24	-0.02
79	-1.45	3.24	0.98
78	2.55	3.24	-2.02
77	-0.45	-0.76	-1.02
76	6.55	-1.76	0.98
75	-0.45	-1.76	0.98
74	4.55	-6.76	-0.02
73	-3.45	4.24	-1.02
72	6.55	-4.76	-2.02
71	-1.45	3.24	-3.02
70	3.55	5.24	1.98
69	-1.45	-4.76	0.98
68	0.55	-1.76	-3.02
67	-1.45	-2.76	1.98
66	3.55	-0.76	-1.02
65	-1.45	-2.76	-0.02
64	0.55	-2.76	-3.02
63	-0.45	6.24	-0.02
62	0.55	-3.76	-4.02
61	1.55	9.24	0.98
60	-1.45	3.24	1.98
59	-0.45	-0.76	0.98
58	-4.45	-4.76	0.98
57	0.55	4.24	-0.02
56	-2.45	-1.76	-1.02
55	2.55	-3.76	0.98
54	-2.45	3.24	-1.02
53	4.55	-3.76	-1.02
52	-3.45	-2.76	0.98
51	6.55	4.24	-1.02
50	-3.45	-0.76	-0.02
49	4.55	-0.76	-1.02
48	-1.45	1.24	-2.02
47	7.55	-8.76	-1.02
46	-2.45	0.24	-1.02
45	4.55	-4.76	-0.02
44	-2.45	-4.76	-0.02
43	3.55	-0.76	-1.02
42	-2.45	1.24	-1.02
41	2.55	5.24	-1.02
40	-2.45	-0.76	0.98
39	1.55	-7.76	-1.02
38	0.55	-6.76	-3.02
37	1.55	-1.76	1.98
36	0.55	0.24	1.98
35	-0.45	-7.76	-1.02
34	0.55	-3.76	-1.02
33	-0.45	-4.76	0.98
32	0.55	5.24	0.98
31	-2.45	-4.76	-1.02
30	4.55	-3.76	-1.02
29	-3.45	1.24	2.98
28	4.55	4.24	-1.02
27	-3.45	3.24	3.98
26	5.55	0.24	-0.02
25	-4.45	4.24	0.98
24	3.55	-2.76	-0.02
23	-0.45	5.24	0.98
22	4.55	-2.76	-1.02
21	-2.45	2.24	1.98
20	2.55	-3.76	-0.02
19	0.55	-2.76	0.98
18	3.55	-0.76	-2.02
17	-0.45	3.24	1.98
16	2.55	1.24	-1.02
15	-0.45	-0.76	-1.02
14	-1.45	-1.76	-2.02
13	0.55	-2.76	0.98
12	0.55	-2.76	-1.02
11	-0.45	-2.76	-1.02
10	0.55	-0.76	-1.02
9	1.55	-4.76	-2.02
8	-0.45	-8.76	-0.02
7	3.55	0.24	-0.02
6	-1.45	-3.76	0.98
5	5.55	-3.76	-1.02
4	-4.45	3.24	0.98
3	4.55	6.24	1.98
2	-1.45	-12.76	-1.02
1	4.55	-2.76	-2.02
0	-1.45	-6.76	0.98
